frame,emulated_frame,total_ms,cpu_wall_ms,cpu_thread_ms,cpu_idle_ms,cpu_throttle_sleep_ms,cpu_throttle_requested_ms,cpu_throttle_lateness_ms,video_build_ms,present_ms,audio_mix_ms,static_bursts,static_cycles,static_native_dispatches,static_fallback_steps,static_hook_fallbacks,fallback_mfspr,fallback_mtspr,fallback_cache,fallback_dcbst,fallback_dcbf,fallback_dcbi,fallback_icbi,fallback_other,cache_controls,cache_control_dcbst,cache_control_dcbf,cache_control_dcbi,cache_control_icbi
0,0,0.000000,0.000000,0.000000,0.000000,0.000000,0.000000,0.000000,0.703958,0.021334,0.000000,0,0,0,0,0,0,0,0,0,0,0,0,0,0,0,0,0,0
1,199,3264.058583,2956.896591,1956.518423,0.404058,1037.846261,993.723645,44.116288,0.301834,0.015208,151.305035,124154,1318642581,101299088,0,344,14,330,0,0,0,0,0,0,1079775,512,631195,447983,85
2,48063,96.239250,57.811671,15.494222,0.007199,0.000416,0.000000,0.000000,0.307459,0.019666,5.004125,589,907496,22893,0,2,0,2,0,0,0,0,0,0,5406,0,3510,1896,0
3,48064,29.121667,28.742240,21.784674,0.007465,0.000499,0.000000,0.000000,0.140250,0.023917,0.786541,2090,3475063,117947,0,2,0,2,0,0,0,0,0,0,5406,0,3510,1896,0
4,48065,14.437000,14.063784,13.318335,0.007668,0.000542,0.000000,0.000000,0.057875,0.028333,0.611625,2144,3524057,122801,0,2,0,2,0,0,0,0,0,0,5406,0,3510,1896,0
5,48066,12.447417,12.085334,12.021348,0.006917,0.000623,0.000000,0.000000,0.052791,0.017084,0.295458,2080,3433438,117515,0,2,0,2,0,0,0,0,0,0,7208,0,4680,2528,0
6,48067,12.540000,12.168067,11.954455,0.007302,0.000290,0.000000,0.000000,0.062333,0.017583,0.309375,2127,3477751,121086,0,2,0,2,0,0,0,0,0,0,7447,0,3510,3937,0
7,48068,11.850875,11.481768,11.495122,0.007538,0.000417,0.000000,0.000000,0.051500,0.039458,0.289667,2136,3420248,118874,0,2,0,2,0,0,0,0,0,0,5406,0,3510,1896,0
8,48069,11.463458,11.110713,11.110252,0.006705,0.000375,0.000000,0.000000,0.046208,0.016334,0.290000,2075,3410452,115842,0,2,0,2,0,0,0,0,0,0,7208,0,4680,2528,0
9,48070,12.242500,11.871830,11.889383,0.007369,0.000665,0.000000,0.000000,0.069417,0.014291,0.306125,2122,3484820,122395,0,2,0,2,0,0,0,0,0,0,5406,0,3510,1896,0
10,48071,12.350708,11.967085,11.989147,0.006751,0.000582,0.000000,0.000000,0.066917,0.020083,0.292875,2125,3370486,117502,0,2,0,2,0,0,0,0,0,0,5406,0,3510,1896,0
11,48072,13.234667,12.859154,12.653428,0.007121,0.000583,0.000000,0.000000,0.081792,0.015416,0.824709,2039,3385606,116325,0,2,0,2,0,0,0,0,0,0,7208,0,4680,2528,0
12,48073,12.392917,12.026460,12.011114,0.007121,0.000666,0.000000,0.000000,0.067625,0.013916,0.447083,2056,3392813,118066,0,2,0,2,0,0,0,0,0,0,5406,0,3510,1896,0
13,48074,11.966416,11.596405,11.616614,0.007841,0.000291,0.000000,0.000000,0.054625,0.011834,0.450083,2138,3407807,119123,0,2,0,2,0,0,0,0,0,0,5406,0,3510,1896,0
14,48075,12.320917,11.961676,11.967066,0.007212,0.000459,0.000000,0.000000,0.086083,0.015000,0.447084,2050,3401655,117006,0,2,0,2,0,0,0,0,0,0,7208,0,4680,2528,0
15,48076,11.757333,11.396540,11.408111,0.007215,0.000541,0.000000,0.000000,0.052334,0.014500,0.332125,2052,3356776,117212,0,2,0,2,0,0,0,0,0,0,5406,0,3510,1896,0
16,48077,11.463709,11.096694,11.121159,0.007247,0.000417,0.000000,0.000000,0.052166,0.011084,0.464292,2074,3363465,116705,0,2,0,2,0,0,0,0,0,0,5406,0,3510,1896,0
17,48078,12.047875,11.685830,11.693647,0.007041,0.000584,0.000000,0.000000,0.049000,0.041625,0.292791,2086,3459648,118966,0,2,0,2,0,0,0,0,0,0,7208,0,4680,2528,0
18,48079,11.806958,11.434500,11.430775,0.006629,0.000501,0.000000,0.000000,0.062833,0.052250,0.926042,2069,3384556,118111,0,2,0,2,0,0,0,0,0,0,5406,0,3510,1896,0
19,48080,11.611083,11.247628,11.235362,0.007168,0.000334,0.000000,0.000000,0.051625,0.014209,0.611292,2092,3356472,116371,0,2,0,2,0,0,0,0,0,0,7004,0,4536,2468,0
20,48081,11.611417,11.258222,11.269420,0.007703,0.000415,0.000000,0.000000,0.051500,0.012917,0.616209,2061,3422518,118120,0,2,0,2,0,0,0,0,0,0,5610,0,3654,1956,0
21,48082,11.858875,11.500770,11.516961,0.006834,0.000417,0.000000,0.000000,0.070833,0.020917,0.458833,2072,3384548,118276,0,2,0,2,0,0,0,0,0,0,5406,0,3510,1896,0
22,48083,11.390458,11.028547,11.055368,0.007332,0.000334,0.000000,0.000000,0.066125,0.012875,0.446542,2069,3349228,114507,0,2,0,2,0,0,0,0,0,0,7208,0,4680,2528,0
23,48084,12.113709,11.751883,11.762173,0.006707,0.000543,0.000000,0.000000,0.057541,0.015667,0.350083,2101,3427441,120171,0,2,0,2,0,0,0,0,0,0,5406,0,3510,1896,0
24,48085,12.399708,12.028143,11.914846,0.007086,0.765500,0.764985,0.000140,0.060792,0.012333,0.448250,2033,3354553,116631,0,2,0,2,0,0,0,0,0,0,5406,0,3510,1896,0
25,48086,16.495875,16.136824,11.506403,0.007324,4.838833,4.838403,0.000139,0.050708,0.012084,0.583458,2039,3385168,115833,0,2,0,2,0,0,0,0,0,0,7208,0,4680,2528,0
26,48087,18.071333,17.689304,11.952273,0.007661,5.754875,4.851986,0.902473,0.072625,0.023459,0.291375,2074,3409483,119135,0,2,0,2,0,0,0,0,0,0,5406,0,3510,1896,0
27,48088,15.680417,15.297666,13.988743,0.008257,1.567333,1.566735,0.000098,0.071417,0.015583,0.738000,2047,3359456,117370,0,2,0,2,0,0,0,0,0,0,5406,0,3510,1896,0
28,48089,17.238458,16.885044,11.379957,0.007541,5.529960,4.701278,0.828389,0.076834,0.037375,0.892500,2012,3345621,114090,0,2,0,2,0,0,0,0,0,0,7208,0,4680,2528,0
29,48090,16.378084,16.000446,12.022654,0.007962,3.948958,3.649027,0.299639,0.065208,0.049542,0.450667,2093,3433465,120644,0,2,0,2,0,0,0,0,0,0,5406,0,3510,1896,0
30,48091,16.984083,16.619924,11.589457,0.007707,4.998624,4.333777,0.664431,0.063125,0.014125,0.910042,2038,3347395,116849,0,2,0,2,0,0,0,0,0,0,5406,0,3510,1896,0
31,48092,16.462000,16.096511,11.726196,0.007963,4.339709,3.889611,0.449514,0.074458,0.021209,0.444375,2011,3346515,114908,0,2,0,2,0,0,0,0,0,0,7208,0,4680,2528,0
32,48093,16.685750,16.319933,12.099433,0.006830,4.032999,3.705236,0.327139,0.071542,0.018541,0.801251,2057,3400915,118554,0,2,0,2,0,0,0,0,0,0,5406,0,3510,1896,0
33,48094,16.863083,16.488887,11.655220,0.007754,4.850875,4.249277,0.601140,0.071959,0.041750,0.483333,2063,3379517,118254,0,2,0,2,0,0,0,0,0,0,5406,0,3510,1896,0
34,48095,16.517917,16.154880,11.501298,0.007876,4.652042,4.114861,0.536722,0.078250,0.016917,0.895792,2019,3345053,114704,0,2,0,2,0,0,0,0,0,0,7208,0,4680,2528,0
35,48096,16.791042,16.429428,11.728916,0.007881,4.719416,4.146902,0.572098,0.066208,0.016542,0.950667,2096,3408438,119450,0,2,0,2,0,0,0,0,0,0,5406,0,3510,1896,0
36,48097,16.748750,16.397085,11.137306,0.007634,5.286375,4.538777,0.747306,0.051666,0.012584,0.610292,2018,3344467,116391,0,2,0,2,0,0,0,0,0,0,5406,0,3510,1896,0
37,48098,15.922041,15.573050,12.173657,0.007749,4.266832,4.266361,0.000222,0.053625,0.019667,0.917291,2048,3398885,117009,0,2,0,2,0,0,0,0,0,0,7208,0,4680,2528,0
38,48099,17.682084,17.322775,11.326524,0.007123,6.016416,5.027527,0.988681,0.052833,0.040000,0.615791,2075,3396210,118807,0,2,0,2,0,0,0,0,0,0,5406,0,3510,1896,0
39,48100,16.322833,15.964190,11.307081,0.007292,4.663875,4.118652,0.544723,0.058292,0.013416,1.224292,2074,3370346,117631,0,2,0,2,0,0,0,0,0,0,5406,0,3510,1896,0
40,48101,25.751042,25.396423,11.632115,0.007213,12.997375,3.331361,9.665764,0.071750,0.015833,0.898583,2011,3351053,114388,0,2,0,2,0,0,0,0,0,0,7208,0,4680,2528,0
41,48102,12.103125,11.742076,11.753297,0.006913,0.000459,0.000000,0.000000,0.062041,0.015334,0.464750,2079,3430789,120508,0,2,0,2,0,0,0,0,0,0,5406,0,3510,1896,0
42,48103,12.568333,12.215950,11.197446,0.006662,0.000457,0.000000,0.000000,0.050417,0.012291,0.588542,2037,3357423,118239,0,2,0,2,0,0,0,0,0,0,5406,0,3510,1896,0
43,48104,15.741333,15.374077,12.085311,0.007124,3.172500,3.130986,0.041139,0.060375,0.014375,0.359333,2050,3587394,122854,0,2,0,2,0,0,0,0,0,0,7208,0,4680,2528,0
44,48105,16.728834,16.354425,11.991599,0.007296,4.390126,4.350444,0.039223,0.060791,0.041417,0.622834,2067,3436792,120347,0,2,0,2,0,0,0,0,0,0,5406,0,3510,1896,0
45,48106,17.466625,17.098224,12.004342,0.007914,5.065041,4.392402,0.672181,0.069750,0.015000,0.684167,2114,3392890,118735,0,2,0,2,0,0,0,0,0,0,5406,0,3510,1896,0
46,48107,15.794083,15.432871,11.394806,0.007375,4.091083,4.090569,0.000139,0.064708,0.014542,1.285042,2021,3361481,115255,0,2,0,2,0,0,0,0,0,0,7208,0,4680,2528,0
47,48108,17.691125,17.315791,11.915171,0.007248,5.415543,4.624611,0.790598,0.068750,0.013917,0.613167,2084,3415380,119895,0,2,0,2,0,0,0,0,0,0,5406,0,3510,1896,0
48,48109,16.247500,15.884555,11.395668,0.007494,4.512459,4.020944,0.491223,0.059875,0.020292,0.935708,2074,3339252,116227,0,2,0,2,0,0,0,0,0,0,5406,0,3510,1896,0
49,48110,16.704375,16.357411,11.149709,0.007454,5.215416,4.478694,0.736431,0.053167,0.012416,0.662917,2030,3369175,115723,0,2,0,2,0,0,0,0,0,0,7208,0,4680,2528,0
50,48111,16.783250,16.419777,11.425887,0.007166,4.999751,4.347861,0.651681,0.054500,0.017417,0.926707,2085,3404832,119078,0,2,0,2,0,0,0,0,0,0,5406,0,3510,1896,0
51,48112,16.293208,15.936355,11.349346,0.007626,4.495335,4.494819,0.000140,0.051000,0.013292,0.624792,2094,3347879,116798,0,2,0,2,0,0,0,0,0,0,5406,0,3510,1896,0
52,48113,17.025417,16.659869,11.475339,0.007963,5.143501,4.443111,0.699722,0.072458,0.022667,1.292374,2005,3335449,113829,0,2,0,2,0,0,0,0,0,0,7208,0,4680,2528,0
53,48114,16.234083,15.859260,12.602754,0.007252,3.845001,3.814402,0.030098,0.069834,0.045250,0.899624,2084,3429653,120611,0,2,0,2,0,0,0,0,0,0,5406,0,3510,1896,0
54,48115,17.556917,17.199942,11.202915,0.007547,5.979249,5.001027,0.977806,0.058083,0.013542,0.609875,2075,3333323,116457,0,2,0,2,0,0,0,0,0,0,5406,0,3510,1896,0
55,48116,16.161208,15.812480,10.906820,0.007375,4.933584,4.303778,0.629306,0.052250,0.016209,0.931958,1999,3341456,114597,0,2,0,2,0,0,0,0,0,0,7208,0,4680,2528,0
56,48117,16.889792,16.538826,11.254651,0.006834,5.311126,4.554569,0.756181,0.062958,0.037167,0.609750,2064,3410779,119198,0,2,0,2,0,0,0,0,0,0,5406,0,3510,1896,0
57,48118,16.596167,16.208974,11.618671,0.007326,4.600293,4.081860,0.518098,0.063625,0.027250,1.077582,2116,3379295,118153,0,2,0,2,0,0,0,0,0,0,5406,0,3510,1896,0
58,48119,16.681291,16.326878,11.356855,0.007579,4.952585,4.313653,0.638514,0.055459,0.013458,0.611250,2019,3357426,115280,0,2,0,2,0,0,0,0,0,0,7208,0,4680,2528,0
59,48120,16.684000,16.314965,11.720915,0.006910,4.597042,4.081736,0.514973,0.054584,0.015291,1.219001,2080,3405631,119206,0,2,0,2,0,0,0,0,0,0,5406,0,3510,1896,0
60,48121,16.815167,16.442280,11.662679,0.006624,4.802374,4.217652,0.584223,0.064417,0.063291,1.297958,2091,3364279,117150,0,2,0,2,0,0,0,0,0,0,5406,0,3510,1896,0
61,48122,16.272875,15.907260,11.351705,0.007334,4.536999,4.040319,0.496222,0.065708,0.013042,0.609875,2035,3356943,115031,0,2,0,2,0,0,0,0,0,0,7208,0,4680,2528,0
62,48123,17.748000,17.394434,11.751873,0.007375,5.043666,4.374569,0.668764,0.060208,0.014334,1.277167,2071,3426683,120255,0,2,0,2,0,0,0,0,0,0,5406,0,3510,1896,0
63,48124,15.633417,15.253715,11.416524,0.007874,3.859707,3.588485,0.270806,0.064250,0.041000,0.608458,2112,3376550,117910,0,2,0,2,0,0,0,0,0,0,5406,0,3510,1896,0
64,48125,16.370791,16.012363,11.503168,0.007333,4.498042,4.481069,0.016681,0.068084,0.033416,0.981875,2028,3392173,116005,0,2,0,2,0,0,0,0,0,0,7208,0,4680,2528,0
65,48126,16.738334,16.369839,11.699865,0.007169,4.663043,4.627236,0.035348,0.058375,0.043458,0.613334,2100,3418543,119799,0,2,0,2,0,0,0,0,0,0,5406,0,3510,1896,0
66,48127,17.596208,17.227241,11.400968,0.007328,5.831041,4.903485,0.927223,0.058625,0.063625,1.223958,2099,3361131,117368,0,2,0,2,0,0,0,0,0,0,5406,0,3510,1896,0
67,48128,16.176917,15.824527,11.218134,0.006544,4.593541,4.076819,0.516389,0.051291,0.013500,1.283626,2030,3410662,117236,0,2,0,2,0,0,0,0,0,0,7208,0,4680,2528,0
68,48129,16.995625,16.635081,11.073398,0.007296,5.593499,4.742777,0.850389,0.048875,0.012625,0.639625,2047,3374275,117462,0,2,0,2,0,0,0,0,0,0,5406,0,3510,1896,0
69,48130,16.420541,16.050827,11.258382,0.007114,4.822874,4.217485,0.604973,0.047584,0.012333,1.253791,2129,3390336,118488,0,2,0,2,0,0,0,0,0,0,5406,0,3510,1896,0
70,48131,17.100709,16.744448,11.425039,0.006995,5.343791,4.576403,0.766806,0.065041,0.014042,0.646959,2063,3414153,117463,0,2,0,2,0,0,0,0,0,0,7208,0,4680,2528,0
71,48132,16.626541,16.249125,11.614763,0.007166,4.661709,4.123861,0.537431,0.055459,0.011458,0.917916,2062,3362303,117275,0,2,0,2,0,0,0,0,0,0,5406,0,3510,1896,0
72,48133,16.250917,15.895838,10.970313,0.007705,4.958625,4.321235,0.637056,0.046833,0.011209,0.639833,2056,3352081,115222,0,2,0,2,0,0,0,0,0,0,7004,0,4536,2468,0
73,48134,16.848958,16.486578,11.712324,0.006621,4.795001,4.212319,0.582056,0.058500,0.014917,0.929167,2083,3463248,120615,0,2,0,2,0,0,0,0,0,0,5610,0,3654,1956,0
74,48135,16.144625,15.785496,11.808964,0.006453,4.437375,4.430486,0.006306,0.070334,0.014250,0.471125,2057,3362860,117389,0,2,0,2,0,0,0,0,0,0,5406,0,3510,1896,0
75,48136,17.394417,17.034801,12.151611,0.006419,4.742043,4.176652,0.564806,0.059958,0.013667,0.763708,2057,3357231,115055,0,2,0,2,0,0,0,0,0,0,7208,0,4680,2528,0
76,48137,15.840250,15.479259,12.268564,0.006876,3.921417,3.920903,0.000097,0.075458,0.033209,0.951709,2074,3417456,119025,0,2,0,2,0,0,0,0,0,0,5406,0,3510,1896,0
77,48138,17.652458,17.295116,11.529445,0.007245,5.765583,4.857569,0.907681,0.059584,0.046333,0.470791,2065,3398602,118612,0,2,0,2,0,0,0,0,0,0,5406,0,3510,1896,0
78,48139,17.747000,17.395077,11.494275,0.007173,4.775376,4.199444,0.575431,0.061584,0.012916,1.123708,2035,3375819,115393,0,2,0,2,0,0,0,0,0,0,7208,0,4680,2528,0
79,48140,14.827125,14.452855,12.048968,0.006919,2.596333,2.595861,0.000056,0.056167,0.034583,0.664959,2085,3418280,119692,0,2,0,2,0,0,0,0,0,0,5406,0,3510,1896,0
80,48141,17.482125,17.125379,11.486992,0.008084,5.635874,4.771152,0.864306,0.064042,0.013750,1.066375,2019,3351267,116382,0,2,0,2,0,0,0,0,0,0,5406,0,3510,1896,0
81,48142,16.134500,15.769400,11.463164,0.014112,4.280832,3.869860,0.410515,0.060042,0.030917,0.315292,2037,3386339,116330,0,2,0,2,0,0,0,0,0,0,7208,0,4680,2528,0
82,48143,16.670042,16.300452,11.943728,0.007715,4.336499,4.036194,0.299764,0.056000,0.022250,1.045958,2082,3405445,118806,0,2,0,2,0,0,0,0,0,0,5406,0,3510,1896,0
83,48144,17.190375,16.835500,11.256138,0.007168,5.574083,4.729444,0.844264,0.055042,0.046375,1.278083,2059,3367869,117507,0,2,0,2,0,0,0,0,0,0,5406,0,3510,1896,0
84,48145,15.723583,15.364082,11.909394,0.007452,4.117210,4.110277,0.006515,0.050459,0.012291,0.637333,2023,3353944,114272,0,2,0,2,0,0,0,0,0,0,7208,0,4680,2528,0
85,48146,17.978834,17.616012,11.753549,0.006386,5.884333,4.933778,0.950097,0.066541,0.014084,1.027667,2106,3447635,121017,0,2,0,2,0,0,0,0,0,0,5406,0,3510,1896,0
86,48147,15.846125,15.487967,11.295976,0.007254,4.227625,3.832111,0.395181,0.052375,0.012416,0.664500,2048,3353259,117014,0,2,0,2,0,0,0,0,0,0,5406,0,3510,1896,0
87,48148,17.024416,16.677755,11.207981,0.006869,5.480624,4.670235,0.809848,0.060750,0.015209,0.580500,2003,3347375,114153,0,2,0,2,0,0,0,0,0,0,7208,0,4680,2528,0
88,48149,16.528375,16.155575,12.022582,0.007501,4.158375,3.787444,0.370514,0.077042,0.021417,0.293750,2085,3438260,120318,0,2,0,2,0,0,0,0,0,0,5406,0,3510,1896,0
89,48150,16.639834,16.259329,12.336590,0.007322,3.906292,3.620194,0.285639,0.082625,0.059666,0.582459,2078,3382806,118125,0,2,0,2,0,0,0,0,0,0,5406,0,3510,1896,0
90,48151,17.140541,16.762287,12.667731,0.007959,3.899833,3.611152,0.287973,0.119250,0.022792,0.893459,2021,3351407,114793,0,2,0,2,0,0,0,0,0,0,7208,0,4680,2528,0
91,48152,17.609875,17.200465,15.489032,0.007535,1.844542,1.843653,0.000181,0.124375,0.036959,0.315084,2092,3420224,119647,0,2,0,2,0,0,0,0,0,0,5406,0,3510,1896,0
92,48153,15.514875,15.121868,14.563278,0.007659,0.415375,0.414694,0.000056,0.115250,0.020792,0.618001,2042,3358449,116659,0,2,0,2,0,0,0,0,0,0,5406,0,3510,1896,0
93,48154,16.044084,15.646327,14.144410,0.007836,1.729874,1.728860,0.000348,0.090750,0.015416,0.318708,2029,3382801,116120,0,2,0,2,0,0,0,0,0,0,7208,0,4680,2528,0
94,48155,16.663041,16.286765,13.004833,0.007246,3.091000,3.076028,0.014681,0.064709,0.016750,1.040875,2093,3406296,119033,0,2,0,2,0,0,0,0,0,0,5406,0,3510,1896,0
95,48156,17.413417,17.025867,11.667238,0.007374,5.349126,4.581611,0.767098,0.055667,0.013666,0.612416,2095,3370356,117499,0,2,0,2,0,0,0,0,0,0,5406,0,3510,1896,0
96,48157,16.188000,15.829485,11.254251,0.007295,4.548957,4.048860,0.499681,0.050958,0.022250,1.225916,1997,3341741,113919,0,2,0,2,0,0,0,0,0,0,7208,0,4680,2528,0
97,48158,16.891583,16.517418,11.837893,0.007661,4.678708,4.135444,0.542931,0.051042,0.013333,0.717833,2103,3451109,120980,0,2,0,2,0,0,0,0,0,0,5406,0,3510,1896,0
98,48159,16.779500,16.403725,11.472610,0.006756,4.937999,4.306902,0.630639,0.054042,0.013750,1.128834,2109,3369191,117463,0,2,0,2,0,0,0,0,0,0,5406,0,3510,1896,0
99,48160,16.596417,16.244599,11.132237,0.007249,5.126044,4.433819,0.691890,0.051292,0.021250,1.060125,2020,3370828,115719,0,2,0,2,0,0,0,0,0,0,7208,0,4680,2528,0
100,48161,16.901167,16.540593,11.150022,0.007660,5.407000,4.618111,0.788431,0.064833,0.022500,0.447250,2065,3402293,118258,0,2,0,2,0,0,0,0,0,0,5406,0,3510,1896,0
101,48162,16.459750,16.086476,11.340765,0.006966,4.765999,4.192777,0.572848,0.059458,0.013875,0.617167,2136,3390218,118406,0,2,0,2,0,0,0,0,0,0,5406,0,3510,1896,0
102,48163,16.843833,16.494694,10.815005,0.007501,5.705083,4.815569,0.889140,0.064292,0.013000,0.290459,2012,3348893,114463,0,2,0,2,0,0,0,0,0,0,7208,0,4680,2528,0
103,48164,16.601500,16.237682,11.417781,0.007213,4.837874,4.238694,0.598806,0.050667,0.020958,1.302042,2098,3425214,119952,0,2,0,2,0,0,0,0,0,0,5406,0,3510,1896,0
104,48165,15.993208,15.635109,11.544633,0.007873,4.524252,4.523819,0.000098,0.051500,0.026459,0.608792,2084,3366717,116832,0,2,0,2,0,0,0,0,0,0,5406,0,3510,1896,0
105,48166,17.721667,17.370825,11.084792,0.007498,6.300499,5.214277,1.085806,0.052667,0.012541,0.975000,2044,3388682,116566,0,2,0,2,0,0,0,0,0,0,7208,0,4680,2528,0
106,48167,16.211167,15.851862,11.103269,0.006116,4.779416,4.187694,0.591472,0.049041,0.012667,1.286666,2079,3393458,118634,0,2,0,2,0,0,0,0,0,0,5406,0,3510,1896,0
107,48168,17.051041,16.691778,10.901318,0.006461,5.807958,4.885236,0.922389,0.050042,0.012875,0.690333,2095,3355311,117106,0,2,0,2,0,0,0,0,0,0,5406,0,3510,1896,0
108,48169,16.217292,15.860674,10.960131,0.006997,4.914499,4.292694,0.621348,0.059458,0.013209,1.161375,2019,3356203,114412,0,2,0,2,0,0,0,0,0,0,7208,0,4680,2528,0
109,48170,16.944375,16.585905,11.484834,0.006996,5.118125,4.425028,0.692806,0.053667,0.042041,0.625750,2102,3448322,121019,0,2,0,2,0,0,0,0,0,0,5406,0,3510,1896,0
110,48171,16.834542,16.472295,11.138314,0.006627,5.341042,4.576152,0.764681,0.054166,0.045834,1.235375,2089,3350242,116896,0,2,0,2,0,0,0,0,0,0,5406,0,3510,1896,0
111,48172,16.384583,16.031738,10.840061,0.007336,5.143544,4.442194,0.701140,0.064750,0.019417,0.611500,2025,3358577,115220,0,2,0,2,0,0,0,0,0,0,7208,0,4680,2528,0
112,48173,16.552958,16.192013,11.537804,0.007200,4.572875,4.064028,0.508472,0.057334,0.014375,0.901207,2060,3405897,118529,0,2,0,2,0,0,0,0,0,0,5406,0,3510,1896,0
113,48174,16.613167,16.219931,11.882222,0.007791,4.284541,3.992236,0.291889,0.054375,0.013917,0.290125,2142,3417441,119180,0,2,0,2,0,0,0,0,0,0,7447,0,3510,3937,0
114,48175,17.539750,17.191481,11.105495,0.007369,5.611708,4.754569,0.856848,0.047208,0.011917,0.835791,2028,3348420,115639,0,2,0,2,0,0,0,0,0,0,7465,0,4680,2785,0
115,48176,19.181625,18.812541,13.305120,0.006537,2.379585,2.379028,0.000139,0.063375,0.013667,0.921667,2097,3873575,129529,0,2,0,2,0,0,0,0,0,0,5565,0,3510,2055,0
116,48177,15.332583,14.941792,13.169721,0.007044,0.000292,0.000000,0.000000,0.055250,0.019584,0.611292,2177,3715181,126502,0,2,0,2,0,0,0,0,0,0,5406,0,3510,1896,0
117,48178,14.689959,14.309549,11.982983,0.007623,2.519875,2.492152,0.027265,0.059291,0.032250,0.579625,2132,3368921,114734,0,2,0,2,0,0,0,0,0,0,7208,0,4680,2528,0
118,48179,17.589541,17.206853,11.518643,0.006588,5.667501,4.794569,0.872639,0.064417,0.039083,0.610917,2139,3324034,114608,0,2,0,2,0,0,0,0,0,0,5406,0,3510,1896,0
119,48180,16.050000,15.691795,11.426778,0.007622,4.121083,3.758194,0.362598,0.051875,0.021959,0.819209,2047,3302765,111944,0,2,0,2,0,0,0,0,0,0,5406,0,3510,1896,0
120,48181,16.138709,15.752462,11.917383,0.007160,3.873751,3.871694,0.001765,0.057500,0.027458,0.653375,2115,3528924,119057,0,2,0,2,0,0,0,0,0,0,7208,0,4680,2528,0
121,48182,16.773250,16.380043,12.053059,0.008281,4.390916,4.384444,0.002847,0.062583,0.012458,0.779583,2138,3481561,119598,0,2,0,2,0,0,0,0,0,0,5406,0,3510,1896,0
122,48183,17.219500,16.846558,11.874784,0.006827,4.948791,4.313902,0.634389,0.062750,0.014958,0.773374,2138,3430994,117802,0,2,0,2,0,0,0,0,0,0,5406,0,3510,1896,0
123,48184,16.525125,16.162859,11.344026,0.006160,4.851666,4.248152,0.603056,0.050708,0.013958,0.349667,2095,3486697,117960,0,2,0,2,0,0,0,0,0,0,7208,0,4680,2528,0
124,48185,16.880041,16.520084,11.111573,0.007507,5.406168,4.618528,0.787389,0.041584,0.013333,1.282792,2052,3397164,116319,0,2,0,2,0,0,0,0,0,0,5406,0,3510,1896,0
125,48186,16.463042,16.097954,11.330250,0.007005,4.777958,4.200944,0.576764,0.039208,0.012542,0.368625,2093,3378022,115176,0,2,0,2,0,0,0,0,0,0,7004,0,4536,2468,0
126,48187,16.878208,16.521500,11.131585,0.006873,5.423000,4.630777,0.791931,0.041459,0.022208,0.636709,2050,3417752,116119,0,2,0,2,0,0,0,0,0,0,5610,0,3654,1956,0
127,48188,16.714875,16.358671,11.138856,0.007839,5.238335,4.508153,0.729722,0.042625,0.013000,0.325083,2051,3368611,115773,0,2,0,2,0,0,0,0,0,0,5406,0,3510,1896,0
128,48189,16.556000,16.206266,11.076550,0.007250,5.151749,4.450861,0.700681,0.039000,0.038709,0.625834,2017,3360551,112463,0,2,0,2,0,0,0,0,0,0,7208,0,4680,2528,0
129,48190,16.720834,16.356628,11.532394,0.006708,4.834791,4.236694,0.597806,0.040666,0.012959,0.968375,2079,3452839,119396,0,2,0,2,0,0,0,0,0,0,5406,0,3510,1896,0
130,48191,19.305041,18.946233,11.377601,0.006953,5.462958,4.657736,0.804889,0.039167,0.010292,0.662542,2025,3354132,114670,0,2,0,2,0,0,0,0,0,0,5406,0,3510,1896,0
131,48192,13.336042,12.983220,11.519596,0.006620,1.846791,1.841944,0.004389,0.054917,0.039625,0.996875,2019,3367861,113056,0,2,0,2,0,0,0,0,0,0,7208,0,4680,2528,0
132,48193,17.719292,17.349356,11.549681,0.006667,5.782960,4.870485,0.912140,0.049208,0.024208,0.696250,2055,3421289,117728,0,2,0,2,0,0,0,0,0,0,5406,0,3510,1896,0
133,48194,16.063458,15.697580,12.032509,0.006835,3.569291,3.387153,0.181972,0.052833,0.024209,1.139292,2049,3386755,116364,0,2,0,2,0,0,0,0,0,0,5406,0,3510,1896,0
134,48195,16.577083,16.219719,10.933868,0.007289,5.281125,4.529444,0.751264,0.039042,0.043292,0.717291,2011,3358579,115207,0,2,0,2,0,0,0,0,0,0,7367,0,4680,2687,0
135,48196,17.074959,16.698457,14.240831,0.007420,2.335916,2.318485,0.017015,0.048000,0.012083,1.084375,2050,3682603,126864,0,2,0,2,0,0,0,0,0,0,5406,0,3510,1896,0
136,48197,16.814500,16.454666,11.330684,0.005957,5.117167,4.427819,0.689056,0.041958,0.019958,0.477750,2015,3344652,115859,0,2,0,2,0,0,0,0,0,0,5406,0,3510,1896,0
137,48198,16.464666,16.111792,11.222801,0.006922,4.868126,4.258861,0.608848,0.043917,0.011792,0.863125,2022,3362490,115022,0,2,0,2,0,0,0,0,0,0,7208,0,4680,2528,0
138,48199,16.960667,16.598451,11.053905,0.007166,5.570833,4.729735,0.840848,0.041500,0.019333,0.777500,2070,3383015,118015,0,2,0,2,0,0,0,0,0,0,5406,0,3510,1896,0
139,48200,16.584208,16.230050,10.989675,0.007711,5.250959,4.509528,0.741139,0.041750,0.013334,0.492833,2046,3329071,115781,0,2,0,2,0,0,0,0,0,0,5406,0,3510,1896,0
140,48201,16.681292,16.336629,10.659482,0.006960,5.708501,4.813861,0.894431,0.043292,0.013208,0.957875,1982,3317431,112588,0,2,0,2,0,0,0,0,0,0,7208,0,4680,2528,0
141,48202,16.098042,15.744188,10.855045,0.007500,4.905376,4.285902,0.618973,0.038958,0.012167,0.659208,2045,3407679,116880,0,2,0,2,0,0,0,0,0,0,5863,0,3510,2353,0
142,48203,17.017333,16.650644,11.880819,0.006971,4.792791,4.210944,0.581556,0.042375,0.049375,0.958792,2092,3659663,126161,0,2,0,2,0,0,0,0,0,0,5406,0,3510,1896,0
143,48204,16.795917,16.438394,10.972724,0.006674,5.375708,4.599819,0.775598,0.039333,0.013208,0.665083,2031,3364233,115039,0,2,0,2,0,0,0,0,0,0,7208,0,4680,2528,0
144,48205,16.756958,16.400728,11.240198,0.007170,5.110876,4.420819,0.689681,0.045542,0.012250,0.955291,2037,3412201,119454,0,2,0,2,0,0,0,0,0,0,5406,0,3510,1896,0
145,48206,16.734833,16.369958,11.172046,0.006998,5.222958,4.496194,0.726389,0.040000,0.012542,1.287542,2093,3377320,118134,0,2,0,2,0,0,0,0,0,0,5406,0,3510,1896,0
146,48207,16.587834,16.229296,10.996038,0.006870,5.225083,4.547236,0.677431,0.037375,0.012250,0.606541,2023,3355134,115010,0,2,0,2,0,0,0,0,0,0,7208,0,4680,2528,0
147,48208,16.860166,16.499681,11.375511,0.007208,5.157125,4.450527,0.706306,0.043417,0.019083,1.051958,2081,3399731,119075,0,2,0,2,0,0,0,0,0,0,5406,0,3510,1896,0
148,48209,16.642625,16.289455,11.045142,0.007204,5.274543,4.531778,0.742306,0.041125,0.014667,0.625791,2061,3348734,116541,0,2,0,2,0,0,0,0,0,0,5406,0,3510,1896,0
149,48210,16.639125,16.286246,10.792206,0.006707,5.521166,4.695819,0.824681,0.042250,0.012084,1.308084,2013,3344557,114861,0,2,0,2,0,0,0,0,0,0,7208,0,4680,2528,0
150,48211,16.578584,16.208893,11.235927,0.006287,4.987333,4.336944,0.650056,0.042750,0.011541,0.639250,2067,3382573,118203,0,2,0,2,0,0,0,0,0,0,5406,0,3510,1896,0
151,48212,16.882000,16.520110,11.382145,0.006619,5.085083,4.405986,0.678514,0.049458,0.014208,0.918500,2074,3335467,116282,0,2,0,2,0,0,0,0,0,0,5406,0,3510,1896,0
152,48213,16.403083,16.056820,11.039724,0.007801,4.990249,4.340027,0.649931,0.050792,0.014208,0.758000,1995,3333475,113508,0,2,0,2,0,0,0,0,0,0,7208,0,4680,2528,0
153,48214,16.074125,15.709780,11.799873,0.007628,3.891251,3.608527,0.282223,0.054417,0.041625,0.292042,2042,3443190,120595,0,2,0,2,0,0,0,0,0,0,5663,0,3510,2153,0
154,48215,17.102125,16.739752,12.038050,0.006339,4.701000,4.149861,0.550764,0.044125,0.020875,1.325917,2046,3768184,126426,0,2,0,2,0,0,0,0,0,0,5565,0,3510,2055,0
155,48216,16.499292,16.122437,12.865519,0.006623,3.765667,3.765194,0.000181,0.041375,0.020541,0.612166,2169,3737107,125566,0,2,0,2,0,0,0,0,0,0,7208,0,4680,2528,0
156,48217,17.741833,17.372306,11.298811,0.007321,6.106957,5.083527,1.023181,0.038875,0.016125,1.230334,2157,3395373,116497,0,2,0,2,0,0,0,0,0,0,5406,0,3510,1896,0
157,48218,15.396375,15.037283,11.717331,0.006580,3.940125,3.931069,0.008764,0.040417,0.017958,0.609958,2076,3357612,113524,0,2,0,2,0,0,0,0,0,0,5406,0,3510,1896,0
158,48219,17.255000,16.869621,11.923791,0.006829,4.973417,4.330319,0.642806,0.041500,0.017375,0.916666,2135,3522772,118114,0,2,0,2,0,0,0,0,0,0,7208,0,4680,2528,0
159,48220,16.753833,16.374411,11.984296,0.006878,4.417416,3.960694,0.456348,0.043167,0.012792,0.608750,2177,3550980,122410,0,2,0,2,0,0,0,0,0,0,5406,0,3510,1896,0
160,48221,16.695375,16.325302,11.576314,0.006922,4.767375,4.193903,0.572972,0.043667,0.012042,0.988625,2132,3442281,117558,0,2,0,2,0,0,0,0,0,0,5406,0,3510,1896,0
161,48222,16.501334,16.141057,11.277525,0.007200,4.868207,4.261277,0.606681,0.037666,0.011542,0.593667,2104,3460104,116227,0,2,0,2,0,0,0,0,0,0,7208,0,4680,2528,0
162,48223,16.858708,16.485340,11.849904,0.007256,4.654293,4.118485,0.535515,0.043625,0.026625,0.763458,2115,3484896,120653,0,2,0,2,0,0,0,0,0,0,5406,0,3510,1896,0
163,48224,17.090333,16.707607,12.181679,0.007341,4.546500,4.045819,0.500347,0.076917,0.020042,0.811875,2119,3380617,116038,0,2,0,2,0,0,0,0,0,0,5406,0,3510,1896,0
164,48225,15.750459,15.385851,12.458856,0.007628,2.967376,2.966902,0.000181,0.077875,0.017000,0.290333,2014,3363713,112126,0,2,0,2,0,0,0,0,0,0,7208,0,4680,2528,0
165,48226,17.051416,16.687291,12.572033,0.006534,3.928127,3.633069,0.294640,0.050500,0.013917,0.610250,2079,3465037,119993,0,2,0,2,0,0,0,0,0,0,5406,0,3510,1896,0
166,48227,17.037917,16.654199,11.828068,0.007461,4.858292,4.253194,0.604889,0.049083,0.030167,0.350958,2089,3354609,114908,0,2,0,2,0,0,0,0,0,0,5406,0,3510,1896,0
167,48228,16.002458,15.625089,12.162667,0.007420,3.485001,3.337569,0.147098,0.047292,0.014583,0.593083,2022,3348276,112289,0,2,0,2,0,0,0,0,0,0,7208,0,4680,2528,0
168,48229,17.103000,16.721904,12.176472,0.007125,4.581750,4.068610,0.512765,0.045542,0.012333,0.290875,2059,3447321,118327,0,2,0,2,0,0,0,0,0,0,5406,0,3510,1896,0
169,48230,16.500500,16.104092,12.231250,0.007663,3.909459,3.621236,0.288014,0.040125,0.012542,1.259834,2120,3408214,116987,0,2,0,2,0,0,0,0,0,0,5406,0,3510,1896,0
170,48231,16.903875,16.529041,11.762152,0.007536,4.798000,4.213152,0.584556,0.037542,0.011750,0.903083,2032,3399271,114733,0,2,0,2,0,0,0,0,0,0,7208,0,4680,2528,0
171,48232,16.659834,16.266218,12.231606,0.007633,4.036125,3.705235,0.330473,0.052708,0.013208,0.296500,2075,3397216,116773,0,2,0,2,0,0,0,0,0,0,5406,0,3510,1896,0
172,48233,16.271958,15.887578,11.639349,0.006916,4.279374,3.867944,0.411097,0.039917,0.013750,0.608916,2060,3359935,116794,0,2,0,2,0,0,0,0,0,0,5565,0,3510,2055,0
173,48234,16.925833,16.544917,12.448106,0.006712,4.131000,3.769027,0.361723,0.037500,0.011875,0.289917,2085,3733060,126851,0,2,0,2,0,0,0,0,0,0,7208,0,4680,2528,0
174,48235,16.998709,16.620024,11.573523,0.007208,5.079666,4.530860,0.548515,0.041333,0.012083,0.910750,2021,3327766,115688,0,2,0,2,0,0,0,0,0,0,5406,0,3510,1896,0
175,48236,16.474125,16.083307,12.051952,0.007289,4.068374,3.726819,0.341097,0.043208,0.013583,0.463625,2086,3333292,116008,0,2,0,2,0,0,0,0,0,0,5406,0,3510,1896,0
176,48237,16.703875,16.318614,11.915736,0.007339,4.431625,3.970152,0.461181,0.040541,0.011917,0.597000,2015,3381918,115588,0,2,0,2,0,0,0,0,0,0,7208,0,4680,2528,0
177,48238,16.935458,16.549672,11.939519,0.007035,4.642833,4.110985,0.531473,0.045542,0.013041,0.597625,2077,3364640,117233,0,2,0,2,0,0,0,0,0,0,5406,0,3510,1896,0
178,48239,16.585625,16.206369,11.698667,0.007450,4.535999,4.034444,0.501222,0.048708,0.014375,0.374000,2056,3305050,113966,0,2,0,2,0,0,0,0,0,0,7004,0,4536,2468,0
179,48240,15.993458,15.616631,11.331873,0.013915,4.317249,3.892777,0.424264,0.031959,0.010958,1.124833,2004,3374117,114236,0,2,0,2,0,0,0,0,0,0,6067,0,3654,2413,0
180,48241,17.053167,16.670729,12.315062,0.006583,4.382125,3.936194,0.445640,0.037875,0.012125,0.477417,2078,3656206,125749,0,2,0,2,0,0,0,0,0,0,5406,0,3510,1896,0
181,48242,16.862667,16.480402,11.629503,0.007126,4.888875,4.273403,0.614972,0.030791,0.010125,0.644125,2024,3370059,115603,0,2,0,2,0,0,0,0,0,0,7208,0,4680,2528,0
182,48243,16.628291,16.238578,12.094383,0.007542,4.172376,3.796736,0.375181,0.036042,0.011917,0.397833,2053,3406234,119588,0,2,0,2,0,0,0,0,0,0,5406,0,3510,1896,0
183,48244,16.750667,16.363129,11.709958,0.007580,4.689542,4.141402,0.547931,0.033458,0.010750,0.914667,2040,3350512,116966,0,2,0,2,0,0,0,0,0,0,5406,0,3510,1896,0
184,48245,16.484750,16.091831,11.584716,0.008167,4.535915,4.038944,0.496722,0.031542,0.015041,1.284208,2011,3352273,114462,0,2,0,2,0,0,0,0,0,0,7208,0,4680,2528,0
185,48246,16.936042,16.543772,12.052375,0.007156,4.521999,4.029902,0.491848,0.038583,0.011833,0.614792,2084,3420882,120175,0,2,0,2,0,0,0,0,0,0,5406,0,3510,1896,0
186,48247,16.694541,16.310253,11.577920,0.007838,4.761208,4.189735,0.571015,0.034042,0.010750,1.255250,2033,3333839,116328,0,2,0,2,0,0,0,0,0,0,5406,0,3510,1896,0
187,48248,16.578000,16.198958,11.539373,0.007335,4.690958,4.142319,0.548389,0.034875,0.015125,0.447833,1993,3331763,114214,0,2,0,2,0,0,0,0,0,0,7208,0,4680,2528,0
188,48249,16.655709,16.269139,11.813586,0.006873,4.490707,4.008902,0.481556,0.029750,0.010041,1.282999,2060,3399238,118549,0,2,0,2,0,0,0,0,0,0,5406,0,3510,1896,0
189,48250,16.744541,16.357309,11.703191,0.007333,4.689293,4.141235,0.547765,0.034875,0.010834,0.617000,2061,3369350,117649,0,2,0,2,0,0,0,0,0,0,5406,0,3510,1896,0
190,48251,16.668750,16.283960,11.646918,0.007122,4.670499,4.128778,0.541556,0.033459,0.012458,0.938000,2006,3337847,114502,0,2,0,2,0,0,0,0,0,0,7208,0,4680,2528,0
191,48252,16.819584,16.440436,11.873517,0.007292,4.598917,4.076236,0.522306,0.037750,0.011916,0.609167,2073,3393433,118610,0,2,0,2,0,0,0,0,0,0,5406,0,3510,1896,0
192,48253,16.436666,16.059129,11.544368,0.006588,4.548459,4.047777,0.500390,0.032334,0.011333,1.238042,2000,3348256,116150,0,2,0,2,0,0,0,0,0,0,5406,0,3510,1896,0
193,48254,16.598792,16.208581,11.831954,0.007752,4.405417,3.952403,0.452681,0.032792,0.012000,1.226792,2049,3399478,116351,0,2,0,2,0,0,0,0,0,0,7208,0,4680,2528,0
194,48255,17.013667,16.628439,11.818618,0.006498,4.848624,4.242652,0.605639,0.031041,0.011500,0.619917,2085,3409436,119523,0,2,0,2,0,0,0,0,0,0,5406,0,3510,1896,0
195,48256,16.637000,16.248661,13.402229,0.007294,3.601959,3.601319,0.000056,0.047166,0.011459,1.087083,2043,3338857,116424,0,2,0,2,0,0,0,0,0,0,5406,0,3510,1896,0
196,48257,16.687625,16.329923,11.276818,0.007087,5.080208,4.402528,0.677222,0.036625,0.011166,0.623042,1995,3330103,113268,0,2,0,2,0,0,0,0,0,0,7208,0,4680,2528,0
197,48258,16.537208,16.148947,12.031396,0.007670,4.154709,3.785361,0.369056,0.046167,0.012791,0.655417,2053,3436305,120446,0,2,0,2,0,0,0,0,0,0,5406,0,3510,1896,0
198,48259,16.992083,16.612484,11.943333,0.007417,4.702000,4.150110,0.551598,0.048000,0.014542,0.449042,2067,3354957,117000,0,2,0,2,0,0,0,0,0,0,5406,0,3510,1896,0
199,48260,16.262750,15.892394,11.917682,0.007243,3.999000,3.681736,0.316847,0.049084,0.014666,0.707000,2000,3341579,114298,0,2,0,2,0,0,0,0,0,0,7208,0,4680,2528,0
200,48261,16.681500,16.305446,12.418501,0.007091,3.880333,3.599152,0.280848,0.043084,0.018291,0.584626,2033,3388813,117882,0,2,0,2,0,0,0,0,0,0,5406,0,3510,1896,0
201,48262,16.960084,16.564817,12.262145,0.007463,4.291041,3.873194,0.417473,0.047125,0.018000,0.291000,2118,3370864,117728,0,2,0,2,0,0,0,0,0,0,5406,0,3510,1896,0
202,48263,16.326750,15.953682,11.763816,0.006798,4.154459,3.849069,0.305056,0.038500,0.014125,1.268334,1990,3325280,113359,0,2,0,2,0,0,0,0,0,0,7208,0,4680,2528,0
203,48264,17.299125,16.943796,11.559276,0.006996,5.394376,4.612527,0.781348,0.053916,0.013542,0.616000,2051,3410806,119575,0,2,0,2,0,0,0,0,0,0,5406,0,3510,1896,0
204,48265,16.505208,16.149467,11.444754,0.007329,4.720583,4.162360,0.557765,0.043333,0.012542,1.255083,2072,3358415,116681,0,2,0,2,0,0,0,0,0,0,5406,0,3510,1896,0
205,48266,16.705875,16.347952,10.953326,0.006622,5.393625,4.611944,0.781347,0.038667,0.011625,0.610167,2032,3372718,115612,0,2,0,2,0,0,0,0,0,0,7208,0,4680,2528,0
206,48267,16.043583,15.678771,12.265500,0.006582,4.324040,4.315902,0.007764,0.045875,0.031084,0.926000,2077,3407101,119097,0,2,0,2,0,0,0,0,0,0,5406,0,3510,1896,0
207,48268,17.712375,17.360370,10.963564,0.007252,6.399832,5.282860,1.116723,0.044667,0.017167,1.244500,2062,3337441,116246,0,2,0,2,0,0,0,0,0,0,5406,0,3510,1896,0
208,48269,15.787125,15.433917,10.921710,0.007243,4.540416,4.184611,0.355514,0.040500,0.011417,0.611166,2024,3364870,114541,0,2,0,2,0,0,0,0,0,0,7208,0,4680,2528,0
209,48270,17.417459,17.052897,11.202812,0.007244,5.880918,4.935486,0.945181,0.039666,0.010375,1.248417,2091,3422482,119950,0,2,0,2,0,0,0,0,0,0,5406,0,3510,1896,0
210,48271,15.320875,14.969524,10.644338,0.007295,4.404126,4.373999,0.029877,0.043708,0.025375,0.608417,2049,3344411,116387,0,2,0,2,0,0,0,0,0,0,5663,0,3510,2153,0
211,48272,17.522750,17.148788,12.976505,0.006581,3.979459,3.666153,0.310056,0.057625,0.015500,0.978916,2062,3801166,125307,0,2,0,2,0,0,0,0,0,0,7208,0,4680,2528,0
212,48273,16.676625,16.314299,11.877096,0.006884,4.434500,3.971736,0.462348,0.051750,0.017625,0.608542,2051,3451358,118470,0,2,0,2,0,0,0,0,0,0,5565,0,3510,2055,0
213,48274,16.829291,16.421274,12.987568,0.007007,3.455251,3.319152,0.135640,0.044292,0.012125,0.982250,2199,3759062,128246,0,2,0,2,0,0,0,0,0,0,5406,0,3510,1896,0
214,48275,17.093000,16.728563,11.557899,0.005831,5.178043,4.465278,0.712389,0.047000,0.017459,0.609791,2110,3329318,112447,0,2,0,2,0,0,0,0,0,0,7208,0,4680,2528,0
215,48276,16.430542,16.072768,11.246789,0.007163,4.864375,4.236861,0.627139,0.050167,0.021250,1.228249,2046,3374243,114912,0,2,0,2,0,0,0,0,0,0,5406,0,3510,1896,0
216,48277,16.351042,15.972794,11.791434,0.006835,4.190875,3.797319,0.393181,0.048458,0.012542,1.264624,2176,3496999,119082,0,2,0,2,0,0,0,0,0,0,5406,0,3510,1896,0
217,48278,15.937375,15.575452,11.666447,0.006754,4.244874,4.236861,0.007639,0.038458,0.040792,0.607291,2118,3504112,119073,0,2,0,2,0,0,0,0,0,0,7456,0,4680,2776,0
218,48279,17.630000,17.262291,12.488269,0.006582,4.781916,4.200819,0.580764,0.043250,0.015333,1.285833,2126,3827146,128263,0,2,0,2,0,0,0,0,0,0,5406,0,3510,1896,0
219,48280,16.869291,16.502287,11.412359,0.006660,4.946333,4.313319,0.632681,0.044334,0.011000,0.645417,2127,3457278,117251,0,2,0,2,0,0,0,0,0,0,5593,0,3510,2083,0
220,48281,16.172500,15.776324,13.497831,0.019627,2.872625,2.872069,0.000056,0.052334,0.015375,1.105834,2141,3706164,124238,0,2,0,2,0,0,0,0,0,0,9249,0,4680,4569,0
221,48282,17.349417,16.953921,12.306147,0.007416,4.652334,4.116611,0.535139,0.048333,0.062417,0.696500,2234,3451146,118930,0,2,0,2,0,0,0,0,0,0,5406,0,3510,1896,0
222,48283,16.358958,15.970522,11.843119,0.007331,4.115249,3.886360,0.228556,0.046125,0.014625,0.963542,2178,3319182,113843,0,2,0,2,0,0,0,0,0,0,5406,0,3510,1896,0
223,48284,16.932000,16.580172,11.189977,0.006754,5.413791,4.624486,0.788931,0.051750,0.013084,1.294834,2015,3359971,112387,0,2,0,2,0,0,0,0,0,0,7208,0,4680,2528,0
224,48285,16.187542,15.823964,11.574489,0.006667,4.276460,3.867111,0.408973,0.051833,0.012917,0.640000,2128,3501239,119253,0,2,0,2,0,0,0,0,0,0,5406,0,3510,1896,0
225,48286,17.069375,16.692901,11.590259,0.006707,5.131708,4.434610,0.696848,0.045875,0.009792,1.306459,2188,3480527,119719,0,2,0,2,0,0,0,0,0,0,5406,0,3510,1896,0
226,48287,16.592625,16.232746,11.501768,0.006709,4.742792,4.177653,0.564847,0.044250,0.012042,0.611000,2094,3476587,117626,0,2,0,2,0,0,0,0,0,0,7208,0,4680,2528,0
227,48288,16.796833,16.430862,11.418085,0.006618,5.014293,4.357361,0.656473,0.040709,0.012416,1.241375,2090,3414456,117671,0,2,0,2,0,0,0,0,0,0,5406,0,3510,1896,0
228,48289,16.236792,15.880275,11.202095,0.006705,4.675000,4.354694,0.320015,0.045833,0.014917,0.609042,2065,3368048,114578,0,2,0,2,0,0,0,0,0,0,5406,0,3510,1896,0
229,48290,17.195167,16.831951,11.530470,0.010206,5.335624,4.567486,0.767847,0.048375,0.017791,0.930792,2090,3466702,117329,0,2,0,2,0,0,0,0,0,0,7208,0,4680,2528,0
230,48291,16.562458,16.211173,11.172736,0.007582,5.067332,4.394027,0.672973,0.041375,0.049917,0.610167,2043,3378483,115600,0,2,0,2,0,0,0,0,0,0,5406,0,3510,1896,0
231,48292,16.657833,16.299203,11.365165,0.007075,4.930167,4.301819,0.627931,0.042709,0.013041,1.272500,2072,3358347,114083,0,2,0,2,0,0,0,0,0,0,7004,0,4536,2468,0
232,48293,16.510250,16.119069,11.936115,0.007081,4.089626,3.730486,0.358806,0.056042,0.013833,0.828958,2044,3423192,116467,0,2,0,2,0,0,0,0,0,0,5610,0,3654,1956,0
233,48294,16.697750,16.334444,11.724061,0.006750,4.624957,4.269777,0.354681,0.048417,0.012750,0.601417,2071,3389042,116172,0,2,0,2,0,0,0,0,0,0,5406,0,3510,1896,0
234,48295,17.043417,16.681053,11.520906,0.007288,5.175290,4.453610,0.721181,0.047750,0.014333,1.180959,2023,3363485,112985,0,2,0,2,0,0,0,0,0,0,7208,0,4680,2528,0
235,48296,16.341875,15.983193,11.736202,0.006959,4.258668,3.841236,0.417181,0.036708,0.010625,0.608584,2085,3436426,118730,0,2,0,2,0,0,0,0,0,0,5406,0,3510,1896,0
236,48297,17.034542,16.691762,11.118083,0.007502,5.586460,4.739236,0.846973,0.043708,0.012583,0.948458,2007,3342114,114107,0,2,0,2,0,0,0,0,0,0,5406,0,3510,1896,0
237,48298,16.224291,15.870758,11.203980,0.006410,4.681082,4.135902,0.544848,0.046917,0.015708,0.638959,2040,3383854,113605,0,2,0,2,0,0,0,0,0,0,7208,0,4680,2528,0
238,48299,16.285334,15.922823,11.689451,0.006622,4.350542,4.350028,0.000139,0.041541,0.013542,0.913583,2069,3426982,118220,0,2,0,2,0,0,0,0,0,0,5406,0,3510,1896,0
239,48300,17.803500,17.451181,11.056139,0.007205,6.404250,5.282777,1.121098,0.041583,0.013083,1.225626,2044,3367508,115340,0,2,0,2,0,0,0,0,0,0,5406,0,3510,1896,0
240,48301,15.554250,15.207460,10.553166,0.007879,4.685668,4.134860,0.550515,0.036125,0.011375,0.632167,2035,3377821,115889,0,2,0,2,0,0,0,0,0,0,7367,0,4680,2687,0
241,48302,17.169625,16.805469,12.537312,0.006832,4.275835,3.865653,0.409681,0.043041,0.018334,1.289167,2069,3718640,127593,0,2,0,2,0,0,0,0,0,0,5406,0,3510,1896,0
242,48303,16.289250,15.938913,11.471749,0.006629,4.638957,4.637402,0.001139,0.045333,0.033333,0.638375,2048,3345721,116171,0,2,0,2,0,0,0,0,0,0,5406,0,3510,1896,0
243,48304,17.645083,17.300187,11.071186,0.007335,6.240542,5.176527,1.063640,0.047167,0.013208,0.704458,2014,3334954,113797,0,2,0,2,0,0,0,0,0,0,7208,0,4680,2528,0
244,48305,15.603208,15.239752,11.684321,0.006665,3.889126,3.888611,0.000056,0.048000,0.013792,0.352875,2046,3391846,117162,0,2,0,2,0,0,0,0,0,0,5406,0,3510,1896,0
245,48306,17.740084,17.379172,11.228315,0.006753,5.774415,4.861527,0.912514,0.044083,0.013375,1.402666,2036,3379196,115256,0,2,0,2,0,0,0,0,0,0,5535,0,3510,2025,0
246,48307,15.730958,15.369457,12.073044,0.006288,3.310960,3.221194,0.089265,0.045250,0.012875,0.536917,2042,3566590,121423,0,2,0,2,0,0,0,0,0,0,7208,0,4680,2528,0
247,48308,17.291250,16.931082,11.317950,0.007041,5.472707,4.661778,0.810472,0.047083,0.011042,1.209168,2027,3384283,114709,0,2,0,2,0,0,0,0,0,0,5628,0,3510,2118,0
248,48309,16.163917,15.797160,12.263812,0.006547,3.418501,3.293444,0.124723,0.041750,0.020708,1.424000,2067,3641001,124400,0,2,0,2,0,0,0,0,0,0,5406,0,3510,1896,0
249,48310,16.402750,16.042709,11.968943,0.007042,4.698834,4.697985,0.000390,0.038416,0.041209,0.690333,2040,3389247,114631,0,2,0,2,0,0,0,0,0,0,7208,0,4680,2528,0
250,48311,17.484833,17.121174,11.309898,0.007406,5.796791,4.859111,0.937389,0.048500,0.055042,1.351750,2038,3420272,115168,0,2,0,2,0,0,0,0,0,0,5406,0,3510,1896,0
251,48312,16.596625,16.221229,12.080328,0.006871,3.989209,3.674194,0.314681,0.044000,0.011208,0.684709,2132,3484875,121012,0,2,0,2,0,0,0,0,0,0,5406,0,3510,1896,0
252,48313,15.775500,15.409968,11.898653,0.007459,4.189791,4.144735,0.044598,0.039375,0.016750,0.840542,2044,3379365,115647,0,2,0,2,0,0,0,0,0,0,7465,0,4680,2785,0
253,48314,17.351583,16.973597,12.925003,0.006913,4.068583,3.726444,0.341806,0.048000,0.013750,0.669917,2061,3927155,129421,0,2,0,2,0,0,0,0,0,0,5406,0,3510,1896,0
254,48315,16.676125,16.309894,11.852810,0.007619,4.485581,4.002652,0.482639,0.045334,0.027958,0.903876,2117,3432929,115886,0,2,0,2,0,0,0,0,0,0,5406,0,3510,1896,0
255,48316,16.327875,15.964248,12.293873,0.007040,3.501084,3.350360,0.150265,0.045750,0.011709,1.022500,2073,3443492,115440,0,2,0,2,0,0,0,0,0,0,7208,0,4680,2528,0
256,48317,17.203834,16.842113,11.910508,0.007250,4.887542,4.274028,0.613306,0.052041,0.020959,0.457458,2067,3474869,117772,0,2,0,2,0,0,0,0,0,0,5406,0,3510,1896,0
257,48318,16.586291,16.221676,11.631129,0.007168,4.613250,4.091944,0.520806,0.044334,0.022708,0.629792,2116,3450696,118096,0,2,0,2,0,0,0,0,0,0,5406,0,3510,1896,0
258,48319,16.812292,16.447825,11.376141,0.006667,5.059084,4.387985,0.670848,0.053417,0.017208,0.290375,2063,3423344,114013,0,2,0,2,0,0,0,0,0,0,7208,0,4680,2528,0
259,48320,16.469958,16.109239,11.976319,0.007293,4.136667,4.029069,0.107264,0.048917,0.013208,0.905375,2086,3495211,119901,0,2,0,2,0,0,0,0,0,0,5406,0,3510,1896,0
260,48321,16.833167,16.465292,11.551409,0.005674,4.928417,4.288111,0.640139,0.044708,0.016167,0.655292,2094,3403739,115011,0,2,0,2,0,0,0,0,0,0,5406,0,3510,1896,0
261,48322,16.609667,16.254404,11.338802,0.007500,4.926042,4.300152,0.625598,0.040833,0.039458,1.226959,2070,3445685,114602,0,2,0,2,0,0,0,0,0,0,7208,0,4680,2528,0
262,48323,16.830291,16.470769,11.540634,0.006245,4.936373,4.304569,0.631347,0.043834,0.013125,1.244416,2074,3509163,119987,0,2,0,2,0,0,0,0,0,0,5406,0,3510,1896,0
263,48324,16.623125,16.253847,11.466854,0.006926,4.809876,4.222069,0.587348,0.048959,0.011666,0.642000,2122,3428859,116561,0,2,0,2,0,0,0,0,0,0,5406,0,3510,1896,0
264,48325,16.657792,16.297240,11.559755,0.007914,4.752334,4.183694,0.568098,0.045833,0.021625,1.057125,2074,3435113,114253,0,2,0,2,0,0,0,0,0,0,7208,0,4680,2528,0
265,48326,16.659708,16.291185,11.655094,0.006203,4.654417,4.118361,0.535889,0.051042,0.070292,0.453458,2081,3514292,119850,0,2,0,2,0,0,0,0,0,0,5406,0,3510,1896,0
266,48327,16.714209,16.349917,11.594342,0.006166,4.731040,4.166694,0.564014,0.050083,0.016250,0.624125,2115,3427000,116417,0,2,0,2,0,0,0,0,0,0,5406,0,3510,1896,0
267,48328,16.643083,16.285665,11.375884,0.007337,4.916292,4.293944,0.622015,0.049167,0.026333,0.292875,2076,3425822,113887,0,2,0,2,0,0,0,0,0,0,7208,0,4680,2528,0
268,48329,16.690583,16.331512,11.438624,0.006625,4.919002,4.295653,0.623056,0.044125,0.013125,0.591874,2071,3487484,118641,0,2,0,2,0,0,0,0,0,0,5406,0,3510,1896,0
269,48330,16.458292,16.096438,11.083970,0.006293,5.039959,4.375111,0.664431,0.039000,0.012458,0.290333,2114,3443408,120036,0,2,0,2,0,0,0,0,0,0,5565,0,3510,2055,0
270,48331,17.151292,16.794327,11.829820,0.006287,4.677875,4.120152,0.557306,0.042625,0.012791,1.071292,2070,3704787,121582,0,2,0,2,0,0,0,0,0,0,7208,0,4680,2528,0
271,48332,16.196958,15.821793,12.022827,0.006835,3.751543,3.513486,0.237639,0.067417,0.034125,1.235666,2053,3480895,118792,0,2,0,2,0,0,0,0,0,0,5406,0,3510,1896,0
272,48333,16.740333,16.371250,11.891536,0.006794,4.468125,4.184986,0.282681,0.047834,0.013750,0.610708,2106,3436426,117172,0,2,0,2,0,0,0,0,0,0,5406,0,3510,1896,0
273,48334,16.698209,16.334104,11.773999,0.006626,4.552917,4.262985,0.289431,0.044000,0.012208,1.322166,2052,3446176,116404,0,2,0,2,0,0,0,0,0,0,7208,0,4680,2528,0
274,48335,16.994750,16.634683,11.552047,0.006786,5.115084,4.422153,0.692556,0.047125,0.016500,0.610125,2049,3459742,119144,0,2,0,2,0,0,0,0,0,0,5406,0,3510,1896,0
275,48336,16.698041,16.333348,11.224433,0.006957,5.139874,4.438444,0.700973,0.045834,0.011541,0.929167,2103,3388887,116074,0,2,0,2,0,0,0,0,0,0,5406,0,3510,1896,0
276,48337,16.596334,16.241003,11.320197,0.007168,4.919916,4.296194,0.623431,0.046000,0.015500,0.643875,2032,3425476,114937,0,2,0,2,0,0,0,0,0,0,7208,0,4680,2528,0
277,48338,16.456625,16.099777,10.821701,0.007247,5.296373,4.545694,0.750514,0.039125,0.012166,0.974416,2047,3423980,117280,0,2,0,2,0,0,0,0,0,0,5863,0,3510,2353,0
278,48339,16.698875,16.344704,12.160926,0.006954,4.216376,3.826236,0.389848,0.044916,0.035042,1.248542,2041,3714815,124351,0,2,0,2,0,0,0,0,0,0,5406,0,3510,1896,0
279,48340,16.998208,16.647431,11.575016,0.007129,5.083585,4.393485,0.689890,0.040500,0.052375,0.612333,2046,3485336,118818,0,2,0,2,0,0,0,0,0,0,7208,0,4680,2528,0
280,48341,16.595375,16.241037,11.137848,0.007168,5.099874,4.416069,0.683472,0.045833,0.013167,1.070500,2049,3395205,116239,0,2,0,2,0,0,0,0,0,0,5406,0,3510,1896,0
281,48342,16.547417,16.190444,11.390183,0.007792,4.817374,4.227027,0.590014,0.046666,0.013625,0.335584,2042,3434243,118463,0,2,0,2,0,0,0,0,0,0,5406,0,3510,1896,0
282,48343,16.809500,16.456936,11.538582,0.007000,4.935083,4.301777,0.632890,0.045875,0.013250,0.593500,2043,3459055,117953,0,2,0,2,0,0,0,0,0,0,7208,0,4680,2528,0
283,48344,16.686916,16.316165,11.342652,0.007385,5.011165,4.357069,0.653847,0.045417,0.012708,0.329833,2052,3399935,117171,0,2,0,2,0,0,0,0,0,0,5406,0,3510,1896,0
284,48345,16.728500,16.378104,11.085011,0.007677,5.310833,4.554486,0.756181,0.056750,0.041750,0.611709,2025,3379879,114566,0,2,0,2,0,0,0,0,0,0,7004,0,4536,2468,0
285,48346,16.587917,16.233989,11.331158,0.006998,4.906500,4.286194,0.620056,0.035958,0.012250,0.301542,2049,3469041,119446,0,2,0,2,0,0,0,0,0,0,5610,0,3654,1956,0
286,48347,16.815542,16.469142,10.888900,0.007000,5.594875,4.745694,0.848972,0.035125,0.031125,0.829625,2024,3372655,116035,0,2,0,2,0,0,0,0,0,0,5406,0,3510,1896,0
287,48348,15.830750,15.479970,11.723132,0.009459,4.490293,4.489944,0.000056,0.036916,0.020625,0.625417,2025,3381778,114087,0,2,0,2,0,0,0,0,0,0,7208,0,4680,2528,0
288,48349,17.655208,17.301447,11.305036,0.007040,6.018417,5.026319,0.991931,0.037667,0.037291,0.288791,2039,3453557,119028,0,2,0,2,0,0,0,0,0,0,5406,0,3510,1896,0
289,48350,16.361750,16.007719,11.178179,0.006587,4.823583,4.228653,0.594681,0.039208,0.011917,0.656166,2035,3393850,117067,0,2,0,2,0,0,0,0,0,0,5406,0,3510,1896,0
290,48351,16.856417,16.503947,11.161538,0.007123,5.367708,4.592027,0.775223,0.045583,0.020333,0.290958,2029,3382760,114192,0,2,0,2,0,0,0,0,0,0,7208,0,4680,2528,0
291,48352,16.816166,16.458190,11.593765,0.011166,4.764999,4.192485,0.572265,0.063542,0.015458,0.653959,2027,3448878,119177,0,2,0,2,0,0,0,0,0,0,5406,0,3510,1896,0
292,48353,16.216625,15.855965,11.459487,0.007630,4.422124,3.956069,0.465681,0.056125,0.025167,0.290708,2020,3381358,115531,0,2,0,2,0,0,0,0,0,0,5406,0,3510,1896,0
293,48354,17.033917,16.669770,11.862958,0.006746,4.753167,4.185069,0.567639,0.054750,0.044833,0.587876,2035,3422996,115864,0,2,0,2,0,0,0,0,0,0,7208,0,4680,2528,0
294,48355,16.453750,16.089796,11.578134,0.007550,4.496916,4.009235,0.487431,0.043083,0.026292,1.002250,2036,3452566,118849,0,2,0,2,0,0,0,0,0,0,5406,0,3510,1896,0
295,48356,16.735542,16.380894,11.551210,0.007753,4.821375,4.228028,0.592972,0.043875,0.022375,0.310292,2030,3408258,117501,0,2,0,2,0,0,0,0,0,0,5406,0,3510,1896,0
296,48357,16.873708,16.519924,11.214874,0.007252,5.315833,4.559861,0.755389,0.051750,0.035708,0.580708,2044,3396532,114307,0,2,0,2,0,0,0,0,0,0,7208,0,4680,2528,0
297,48358,16.363042,16.013758,11.511960,0.006417,4.479000,3.998569,0.480098,0.042208,0.012875,0.289667,2031,3471039,120044,0,2,0,2,0,0,0,0,0,0,5406,0,3510,1896,0
298,48359,17.055125,16.692093,11.432024,0.006873,5.261417,4.524236,0.736889,0.040666,0.016584,0.584875,2063,3406330,117238,0,2,0,2,0,0,0,0,0,0,5406,0,3510,1896,0
299,48360,16.632833,16.281585,11.107580,0.007330,5.205208,4.486361,0.718431,0.040875,0.018167,0.615875,2048,3385862,114020,0,2,0,2,0,0,0,0,0,0,7208,0,4680,2528,0
300,48361,16.283333,15.900541,11.911672,0.006880,3.813584,3.558277,0.254973,0.057042,0.014250,0.621833,2044,3464313,122183,0,2,0,2,0,0,0,0,0,0,5551,0,3510,2041,0
301,48362,16.792750,16.407255,13.853728,0.007285,2.639959,2.639153,0.000181,0.065875,0.029917,0.909792,2095,3764242,125615,0,2,0,2,0,0,0,0,0,0,5406,0,3510,1896,0
302,48363,16.768417,16.404065,12.183779,0.007381,4.214707,3.825444,0.388806,0.057958,0.017417,0.291459,2044,3383797,113422,0,2,0,2,0,0,0,0,0,0,7208,0,4680,2528,0
303,48364,16.488833,16.118779,12.343332,0.007286,3.614124,3.425360,0.188306,0.049834,0.014083,1.060333,2033,3434492,118568,0,2,0,2,0,0,0,0,0,0,5602,0,3510,2092,0
304,48365,16.633625,16.249741,12.333838,0.006837,3.935751,3.640028,0.295431,0.040584,0.020750,0.608667,2087,3666228,122773,0,2,0,2,0,0,0,0,0,0,5406,0,3510,1896,0
305,48366,16.515292,16.149500,12.361047,0.010085,4.400083,4.385027,0.014764,0.039708,0.021542,1.227376,2043,3419314,115124,0,2,0,2,0,0,0,0,0,0,7208,0,4680,2528,0
306,48367,16.910042,16.543164,11.751582,0.006459,4.812458,4.495735,0.316223,0.041916,0.012375,0.611084,2035,3432288,117772,0,2,0,2,0,0,0,0,0,0,5406,0,3510,1896,0
307,48368,17.545750,17.175361,11.830965,0.006881,5.070292,4.395028,0.674806,0.044958,0.014875,0.808250,2080,3398967,116095,0,2,0,2,0,0,0,0,0,0,5406,0,3510,1896,0
308,48369,15.798416,15.429560,11.472682,0.007164,3.989834,3.669361,0.320139,0.043250,0.013375,0.292958,2041,3389797,113305,0,2,0,2,0,0,0,0,0,0,7208,0,4680,2528,0
309,48370,17.169834,16.790086,11.962499,0.007661,4.820291,4.224527,0.595473,0.052500,0.025916,1.115291,2034,3457518,118327,0,2,0,2,0,0,0,0,0,0,5406,0,3510,1896,0
310,48371,16.436416,16.068445,11.382485,0.007082,4.703917,4.141569,0.562097,0.038625,0.025709,1.405167,2061,3386794,115350,0,2,0,2,0,0,0,0,0,0,5406,0,3510,1896,0
311,48372,16.764792,16.415861,10.958876,0.007081,5.469916,4.645069,0.824431,0.034000,0.020542,0.607791,2030,3390265,112211,0,2,0,2,0,0,0,0,0,0,7208,0,4680,2528,0
312,48373,16.598083,16.246573,11.198565,0.006212,5.073959,4.394694,0.679015,0.037209,0.018541,1.095166,2033,3510090,117945,0,2,0,2,0,0,0,0,0,0,5406,0,3510,1896,0
313,48374,16.486542,16.129658,11.042539,0.007248,5.102125,4.417486,0.684347,0.032000,0.009083,0.292458,2077,3447477,117257,0,2,0,2,0,0,0,0,0,0,5586,0,3510,2076,0
314,48375,16.749083,16.394466,11.609508,0.005379,4.811710,4.222611,0.588764,0.039667,0.029542,0.644375,2045,3748988,123566,0,2,0,2,0,0,0,0,0,0,7208,0,4680,2528,0
315,48376,16.204667,15.848150,12.848478,0.006586,3.463999,3.463527,0.000098,0.043083,0.012417,0.307333,2042,3509735,117752,0,2,0,2,0,0,0,0,0,0,5406,0,3510,1896,0
316,48377,17.568167,17.204711,11.454517,0.006762,5.750500,4.832069,0.917931,0.038541,0.012667,0.692542,2100,3480923,116905,0,2,0,2,0,0,0,0,0,0,5406,0,3510,1896,0
317,48378,16.199458,15.839254,11.470264,0.006671,4.373918,3.928236,0.445348,0.043625,0.012833,0.746583,2071,3537342,117472,0,2,0,2,0,0,0,0,0,0,7208,0,4680,2528,0
318,48379,16.867083,16.514478,11.377063,0.006536,5.148459,4.444027,0.704223,0.040167,0.018167,0.610917,2073,3551858,118693,0,2,0,2,0,0,0,0,0,0,5406,0,3510,1896,0
319,48380,16.614459,16.246958,11.444202,0.007496,4.822375,4.226028,0.596056,0.040916,0.013167,1.053916,2119,3526969,118428,0,2,0,2,0,0,0,0,0,0,5406,0,3510,1896,0
320,48381,16.535708,16.177679,11.343912,0.006836,4.860500,4.427611,0.432639,0.060667,0.013125,0.609958,2072,3489793,116095,0,2,0,2,0,0,0,0,0,0,7208,0,4680,2528,0
321,48382,16.960167,16.606011,11.326739,0.006083,4.923125,4.509985,0.412806,0.042500,0.011166,1.200375,2071,3571538,124082,0,2,0,2,0,0,0,0,0,0,5555,0,3510,2045,0
322,48383,17.366416,16.997927,12.612972,0.006668,3.612542,3.411403,0.200972,0.041500,0.011875,0.708584,2059,3787968,123851,0,2,0,2,0,0,0,0,0,0,5406,0,3510,1896,0
323,48384,15.475250,15.112845,12.009094,0.006454,3.013042,3.012569,0.000098,0.046167,0.026167,0.979583,2076,3497640,117419,0,2,0,2,0,0,0,0,0,0,7208,0,4680,2528,0
324,48385,17.054292,16.683373,12.200303,0.007251,4.429749,4.067444,0.361973,0.046042,0.012583,0.303542,2077,3489502,118434,0,2,0,2,0,0,0,0,0,0,5406,0,3510,1896,0
325,48386,16.831833,16.437780,12.095647,0.006874,4.326500,3.900611,0.425472,0.048709,0.051500,1.216417,2130,3475708,118957,0,2,0,2,0,0,0,0,0,0,5406,0,3510,1896,0
326,48387,16.010084,15.631679,11.852912,0.007252,3.892709,3.892277,0.000098,0.042500,0.013458,1.337001,2069,3413221,113652,0,2,0,2,0,0,0,0,0,0,7208,0,4680,2528,0
327,48388,17.240666,16.865819,12.644208,0.007252,4.188666,3.808360,0.379848,0.050292,0.020000,0.549125,2104,3563607,121698,0,2,0,2,0,0,0,0,0,0,7447,0,3510,3937,0
328,48389,16.270417,15.893702,11.401362,0.006705,4.520583,4.029819,0.490306,0.053750,0.017042,1.189250,2135,3461563,122743,0,2,0,2,0,0,0,0,0,0,5565,0,3510,2055,0
329,48390,16.912625,16.532425,12.926079,0.006371,3.625624,3.426361,0.198681,0.055125,0.014417,0.445500,2093,3947188,130179,0,2,0,2,0,0,0,0,0,0,7208,0,4680,2528,0
330,48391,17.213333,16.837987,11.893185,0.007578,4.947417,4.304694,0.642515,0.053500,0.065500,1.024000,2099,3431637,117608,0,2,0,2,0,0,0,0,0,0,5406,0,3510,1896,0
331,48392,16.135875,15.757224,12.084311,0.007912,3.587458,3.484569,0.102556,0.043334,0.019000,0.527125,2113,3403376,116521,0,2,0,2,0,0,0,0,0,0,5406,0,3510,1896,0
332,48393,16.634292,16.269122,11.821277,0.006830,4.449667,4.449027,0.000223,0.068375,0.039375,0.770417,2055,3455057,116134,0,2,0,2,0,0,0,0,0,0,7208,0,4680,2528,0
333,48394,16.680208,16.279266,13.245123,0.007832,2.767041,2.766110,0.000181,0.056792,0.016167,0.725000,2096,3435152,118056,0,2,0,2,0,0,0,0,0,0,5406,0,3510,1896,0
334,48395,17.100250,16.723098,12.206280,0.009710,4.437792,3.974778,0.462514,0.055917,0.014125,0.448375,2107,3391735,116141,0,2,0,2,0,0,0,0,0,0,5406,0,3510,1896,0
335,48396,16.447792,16.079671,11.671444,0.006821,4.428543,4.126736,0.301473,0.045250,0.028792,0.597499,2076,3445637,116500,0,2,0,2,0,0,0,0,0,0,7208,0,4680,2528,0
336,48397,17.090083,16.734039,11.360425,0.007872,5.352750,4.584819,0.767723,0.046667,0.049458,0.352541,2029,3382785,115574,0,2,0,2,0,0,0,0,0,0,5406,0,3510,1896,0
337,48398,16.453709,16.093611,11.311171,0.006752,4.386500,3.938736,0.447514,0.036083,0.011708,0.643916,2053,3410154,118196,0,2,0,2,0,0,0,0,0,0,7223,0,4536,2687,0
338,48399,16.254125,15.872981,12.334000,0.006420,3.526251,3.367402,0.158598,0.044291,0.041292,0.349833,2067,3827064,125884,0,2,0,2,0,0,0,0,0,0,5610,0,3654,1956,0
339,48400,16.676708,16.307919,11.726974,0.007116,4.640875,4.640152,0.000181,0.049250,0.013000,0.649708,2077,3444580,117754,0,2,0,2,0,0,0,0,0,0,5406,0,3510,1896,0
340,48401,16.699000,16.336108,11.648269,0.007205,4.685833,4.590944,0.094347,0.047292,0.024375,0.445166,2042,3400842,113185,0,2,0,2,0,0,0,0,0,0,7208,0,4680,2528,0
341,48402,16.640917,16.277179,11.793602,0.007457,4.480167,4.399069,0.080723,0.043875,0.013375,0.896833,2060,3518809,120339,0,2,0,2,0,0,0,0,0,0,5406,0,3510,1896,0
342,48403,16.565750,16.210537,11.036922,0.007206,5.188541,5.124069,0.064098,0.040541,0.028917,0.926292,2033,3392688,114711,0,2,0,2,0,0,0,0,0,0,5406,0,3510,1896,0
343,48404,16.798750,16.444830,11.676859,0.007298,5.139416,5.131861,0.007306,0.048666,0.013917,0.350584,2052,3428415,116008,0,2,0,2,0,0,0,0,0,0,7208,0,4680,2528,0
344,48405,19.873625,19.474628,15.281025,0.005710,0.000542,0.000000,0.000000,0.071583,0.022042,0.934417,2173,4418511,142660,0,2,0,2,0,0,0,0,0,0,5592,0,3510,2082,0
345,48406,14.530250,14.121872,14.075497,0.006998,0.000542,0.000000,0.000000,0.058625,0.058708,0.292750,2290,3642427,124654,0,2,0,2,0,0,0,0,0,0,5406,0,3510,1896,0
346,48407,15.943125,15.552077,13.435075,0.007083,2.338542,2.337486,0.000181,0.054250,0.018208,0.582375,2198,3574455,120262,0,2,0,2,0,0,0,0,0,0,7208,0,4680,2528,0
347,48408,16.426000,16.043948,12.136285,0.006704,3.951832,3.951444,0.000181,0.039416,0.037875,0.607834,2244,3589835,122967,0,2,0,2,0,0,0,0,0,0,5406,0,3510,1896,0
348,48409,17.270125,16.888249,12.043468,0.006956,4.866749,4.260110,0.606431,0.039375,0.016958,0.736542,2183,3533847,120497,0,2,0,2,0,0,0,0,0,0,5406,0,3510,1896,0
349,48410,16.290750,15.892258,12.045449,0.006837,3.876959,3.600236,0.276306,0.036458,0.012250,1.049042,2160,3544329,119719,0,2,0,2,0,0,0,0,0,0,7208,0,4680,2528,0
350,48411,16.976250,16.573761,12.331894,0.007086,4.275500,3.865236,0.409889,0.036250,0.016208,0.454417,2207,3538658,121599,0,2,0,2,0,0,0,0,0,0,5406,0,3510,1896,0
351,48412,16.565541,16.171127,12.168143,0.007457,3.992209,3.672569,0.319181,0.048875,0.013125,0.824001,2114,3463272,118087,0,2,0,2,0,0,0,0,0,0,5406,0,3510,1896,0
352,48413,16.358375,15.976235,12.223985,0.007155,3.786999,3.536819,0.249972,0.041459,0.017125,0.446500,2089,3458001,114989,0,2,0,2,0,0,0,0,0,0,7208,0,4680,2528,0
353,48414,16.771417,16.389059,12.489686,0.007000,3.933460,3.637236,0.295889,0.040917,0.014666,0.749250,2090,3576026,121351,0,2,0,2,0,0,0,0,0,0,5406,0,3510,1896,0
354,48415,17.049833,16.658730,12.142881,0.007083,4.546917,4.044235,0.502473,0.037417,0.011417,0.455708,2144,3461295,119060,0,2,0,2,0,0,0,0,0,0,5406,0,3510,1896,0
355,48416,15.725500,15.346608,11.862069,0.006791,3.785335,3.784833,0.000335,0.031709,0.021416,0.737541,2062,3418674,117948,0,2,0,2,0,0,0,0,0,0,7367,0,4680,2687,0
356,48417,17.317834,16.934183,12.616364,0.006750,4.344834,3.911444,0.433056,0.037916,0.011584,0.901334,2077,3731768,128506,0,2,0,2,0,0,0,0,0,0,5406,0,3510,1896,0
357,48418,16.461166,16.065105,13.287516,0.006412,2.680458,2.680027,0.000056,0.041000,0.018875,0.444625,2144,3811702,127994,0,2,0,2,0,0,0,0,0,0,5711,0,3510,2201,0
358,48419,16.569875,16.195996,12.955214,0.006045,3.059584,3.049361,0.009931,0.047209,0.036166,1.240874,2066,4047670,134713,0,2,0,2,0,0,0,0,0,0,7208,0,4680,2528,0
359,48420,17.742792,17.372470,11.872805,0.007414,5.527458,4.700069,0.826931,0.044250,0.014833,0.453375,2082,3431973,118190,0,2,0,2,0,0,0,0,0,0,5406,0,3510,1896,0
360,48421,15.726333,15.341949,11.854431,0.007005,3.523166,3.363610,0.159265,0.038000,0.016625,0.763333,2068,3380803,114888,0,2,0,2,0,0,0,0,0,0,5406,0,3510,1896,0
361,48422,16.835417,16.433602,12.801772,0.006674,3.657333,3.453611,0.203472,0.041958,0.017500,0.444959,2204,3708741,126475,0,2,0,2,0,0,0,0,0,0,7208,0,4680,2528,0
362,48423,16.815125,16.410872,12.472334,0.006457,3.971792,3.663611,0.307764,0.037292,0.014125,0.805500,2219,3635346,126229,0,2,0,2,0,0,0,0,0,0,5406,0,3510,1896,0
363,48424,16.847000,16.432454,12.639688,0.006745,3.828499,3.565360,0.262806,0.054625,0.020250,0.853749,2258,3589414,123698,0,2,0,2,0,0,0,0,0,0,5406,0,3510,1896,0
364,48425,16.358750,15.959399,12.337132,0.007046,3.656959,3.453486,0.203181,0.035417,0.016208,0.468375,2210,3592373,121102,0,2,0,2,0,0,0,0,0,0,7208,0,4680,2528,0
365,48426,17.059250,16.673985,12.202657,0.007328,4.505416,4.018902,0.486223,0.044667,0.017875,0.652541,2109,3552021,121944,0,2,0,2,0,0,0,0,0,0,5406,0,3510,1896,0
366,48427,16.479250,16.084394,12.072736,0.006995,4.045500,3.712110,0.333098,0.035292,0.015458,0.304459,2136,3452074,117953,0,2,0,2,0,0,0,0,0,0,5406,0,3510,1896,0
367,48428,16.977708,16.569937,12.596898,0.006540,3.872499,3.593819,0.278431,0.049834,0.018791,0.632792,2208,3590506,121524,0,2,0,2,0,0,0,0,0,0,7208,0,4680,2528,0
368,48429,16.083334,15.681336,12.869941,0.007007,2.904333,2.903986,0.000056,0.038333,0.017458,0.290541,2204,3648868,126334,0,2,0,2,0,0,0,0,0,0,5406,0,3510,1896,0
369,48430,17.147750,16.741384,12.254608,0.006127,4.510500,4.014235,0.496098,0.035250,0.017833,1.271749,2276,3607576,124955,0,2,0,2,0,0,0,0,0,0,5406,0,3510,1896,0
370,48431,16.404708,15.991062,12.172062,0.006754,3.856293,3.586153,0.269889,0.035958,0.014500,0.338083,2197,3583526,121394,0,2,0,2,0,0,0,0,0,0,7208,0,4680,2528,0
371,48432,16.968500,16.579667,12.262596,0.006955,4.351001,3.915486,0.435223,0.041833,0.019709,0.906834,2115,3500568,120464,0,2,0,2,0,0,0,0,0,0,5406,0,3510,1896,0
372,48433,16.524333,16.140951,11.590531,0.006533,4.583376,4.070444,0.512723,0.031625,0.010209,1.231375,2127,3450246,117544,0,2,0,2,0,0,0,0,0,0,5406,0,3510,1896,0
373,48434,16.814584,16.400315,12.289003,0.006706,4.013833,3.688861,0.324681,0.039750,0.010500,0.607667,2225,3617369,122929,0,2,0,2,0,0,0,0,0,0,7208,0,4680,2528,0
374,48435,16.613916,16.203996,12.539127,0.007036,3.690791,3.475736,0.214848,0.039959,0.015083,1.097959,2226,3627199,126055,0,2,0,2,0,0,0,0,0,0,5406,0,3510,1896,0
375,48436,16.492834,16.075937,15.871517,0.007209,1.029167,1.028819,0.000098,0.121875,0.013333,0.290584,2321,3678305,127427,0,2,0,2,0,0,0,0,0,0,5406,0,3510,1896,0
376,48437,16.935708,16.543294,12.184241,0.006912,4.379543,3.935153,0.444139,0.044000,0.013042,0.949458,2252,3669165,124322,0,2,0,2,0,0,0,0,0,0,7208,0,4680,2528,0
377,48438,16.633792,16.246110,12.417296,0.007212,3.864584,3.581236,0.283056,0.048208,0.014000,0.449375,2171,3627428,125470,0,2,0,2,0,0,0,0,0,0,5406,0,3510,1896,0
378,48439,16.783000,16.395090,11.887340,0.007162,4.534791,4.038777,0.495640,0.040791,0.011875,0.581293,2189,3525481,121188,0,4,0,4,0,0,0,0,0,0,5406,0,3510,1896,0
379,48440,16.718750,16.327982,12.168793,0.007501,4.181875,3.792986,0.388556,0.050958,0.015083,0.604583,2137,3515989,120007,0,2,0,2,0,0,0,0,0,0,7208,0,4680,2528,0
380,48441,16.593291,16.188171,12.838785,0.007128,3.389957,3.271986,0.117639,0.049834,0.027875,0.303458,2157,3535589,122751,0,2,0,2,0,0,0,0,0,0,5406,0,3510,1896,0
381,48442,16.931084,16.525647,12.570619,0.007044,3.981126,3.659694,0.321056,0.048166,0.013667,1.092667,2209,3498004,121427,0,2,0,2,0,0,0,0,0,0,5406,0,3510,1896,0
382,48443,16.604958,16.219963,12.254222,0.007333,3.993460,3.671736,0.321472,0.051000,0.021917,0.351333,2115,3481594,118905,0,2,0,2,0,0,0,0,0,0,7208,0,4680,2528,0
383,48444,16.637917,16.245549,12.464973,0.007282,3.806333,3.549569,0.256598,0.050583,0.013667,0.670083,2159,3497595,121301,0,2,0,2,0,0,0,0,0,0,5406,0,3510,1896,0
384,48445,16.671250,16.276832,12.356451,0.006873,3.951124,3.649777,0.300973,0.053208,0.022250,0.304625,2158,3453026,119336,0,2,0,2,0,0,0,0,0,0,5406,0,3510,1896,0
385,48446,16.868166,16.499944,11.958678,0.006665,4.560418,4.055528,0.504306,0.050209,0.013916,0.602584,2141,3538572,120664,0,2,0,2,0,0,0,0,0,0,7208,0,4680,2528,0
386,48447,16.176125,15.805685,12.435766,0.007664,4.110543,4.110111,0.000181,0.054500,0.016167,0.288458,2144,3476937,120377,0,2,0,2,0,0,0,0,0,0,5406,0,3510,1896,0
387,48448,17.414084,17.052426,11.625670,0.007042,5.449374,4.648194,0.800973,0.042375,0.013791,0.584791,2111,3467016,119829,0,2,0,2,0,0,0,0,0,0,5406,0,3510,1896,0
388,48449,15.556250,15.191113,11.529895,0.006533,3.667041,3.634986,0.031722,0.046000,0.013250,0.590833,2111,3534629,122350,0,2,0,2,0,0,0,0,0,0,7367,0,4680,2687,0
389,48450,17.111083,16.728187,12.483695,0.006751,4.269126,3.860861,0.407848,0.044792,0.014958,0.309083,2167,3742250,127874,0,2,0,2,0,0,0,0,0,0,5569,0,3510,2059,0
390,48451,16.503417,16.118229,12.270499,0.007080,3.850917,3.565610,0.285056,0.047750,0.015375,0.977749,2129,3664015,128354,0,2,0,2,0,0,0,0,0,0,7138,0,4536,2602,0
391,48452,17.105333,16.728414,13.610870,0.007120,2.938417,2.937944,0.000097,0.062000,0.021375,0.303833,2150,3851586,130007,0,2,0,2,0,0,0,0,0,0,5610,0,3654,1956,0
392,48453,16.884375,16.524819,11.321189,0.007789,5.217876,4.494111,0.723556,0.043042,0.013541,1.417834,2032,3380459,115186,0,2,0,2,0,0,0,0,0,0,5406,0,3510,1896,0
393,48454,16.671583,16.308553,11.533635,0.007996,4.794458,4.191569,0.602556,0.058459,0.015083,0.676666,2060,3423687,115152,0,2,0,2,0,0,0,0,0,0,7208,0,4680,2528,0
394,48455,16.599667,16.231332,11.960925,0.007004,4.285835,3.872403,0.413056,0.051208,0.013167,1.046833,2088,3454145,118913,0,2,0,2,0,0,0,0,0,0,5406,0,3510,1896,0
395,48456,17.230583,16.879893,11.116065,0.006999,5.434250,4.638819,0.795014,0.043542,0.011458,1.071417,2030,3379594,113922,0,2,0,2,0,0,0,0,0,0,5406,0,3510,1896,0
396,48457,15.552834,15.184618,11.786043,0.006923,3.428917,3.428527,0.000056,0.056166,0.014792,0.448583,2075,3448602,116179,0,2,0,2,0,0,0,0,0,0,7208,0,4680,2528,0
397,48458,17.589416,17.223541,11.903196,0.007209,5.342209,4.577778,0.764014,0.044500,0.013459,1.060707,2078,3470050,119519,0,2,0,2,0,0,0,0,0,0,5406,0,3510,1896,0
398,48459,16.410750,16.045970,11.434685,0.007505,4.634084,4.101569,0.532223,0.044209,0.012958,0.447875,2064,3398852,116338,0,2,0,2,0,0,0,0,0,0,5406,0,3510,1896,0
399,48460,16.034375,15.680325,11.452627,0.007495,4.405791,4.405194,0.000306,0.040875,0.010834,0.839583,2055,3409667,113995,0,2,0,2,0,0,0,0,0,0,7208,0,4680,2528,0
400,48461,17.711500,17.342974,11.543612,0.006908,5.793207,4.878069,0.914889,0.052250,0.014792,0.352500,2067,3454557,118621,0,2,0,2,0,0,0,0,0,0,5406,0,3510,1896,0
401,48462,15.814334,15.464885,11.046849,0.007083,4.448750,3.980902,0.467348,0.038958,0.011333,0.910874,2059,3414996,118761,0,2,0,2,0,0,0,0,0,0,5565,0,3510,2055,0
402,48463,17.482541,17.117563,12.375636,0.007420,4.720333,4.160402,0.559473,0.087125,0.018209,0.904084,2064,3669985,122880,0,2,0,2,0,0,0,0,0,0,7208,0,4680,2528,0
403,48464,16.012459,15.647458,11.838234,0.007209,3.838584,3.575569,0.262722,0.053791,0.014167,0.616041,2069,3471769,120557,0,2,0,2,0,0,0,0,0,0,5406,0,3510,1896,0
404,48465,17.237291,16.876889,11.410182,0.007418,5.489793,4.675486,0.813931,0.045917,0.013625,1.061749,2063,3403675,116725,0,2,0,2,0,0,0,0,0,0,5406,0,3510,1896,0
405,48466,16.274750,15.909455,11.638288,0.006667,4.305625,3.874652,0.430640,0.048709,0.012291,0.622542,2072,3431988,116735,0,2,0,2,0,0,0,0,0,0,7208,0,4680,2528,0
406,48467,16.952250,16.588515,11.837876,0.007781,4.782208,4.193403,0.588514,0.044459,0.022458,0.922417,2073,3454889,120124,0,2,0,2,0,0,0,0,0,0,5406,0,3510,1896,0
407,48468,16.703542,16.340992,11.393221,0.007328,4.969750,4.312694,0.656681,0.048542,0.012583,0.652291,2065,3382188,116676,0,2,0,2,0,0,0,0,0,0,5406,0,3510,1896,0
408,48469,16.625625,16.265009,11.220077,0.007834,5.064209,4.390110,0.673890,0.045417,0.012916,1.340083,2047,3393126,114427,0,2,0,2,0,0,0,0,0,0,7208,0,4680,2528,0
409,48470,16.263083,15.898768,11.783748,0.007252,4.129167,3.821861,0.306764,0.045459,0.022625,0.643208,2067,3466907,118506,0,2,0,2,0,0,0,0,0,0,5406,0,3510,1896,0
410,48471,16.502459,16.134994,11.877390,0.007333,4.413375,4.412944,0.000139,0.044208,0.016042,0.965250,2123,3444229,119627,0,2,0,2,0,0,0,0,0,0,5406,0,3510,1896,0
411,48472,17.878916,17.521752,11.328546,0.006841,6.140916,5.092110,1.048431,0.068459,0.015333,1.316833,2047,3381765,114579,0,2,0,2,0,0,0,0,0,0,7208,0,4680,2528,0
412,48473,15.612375,15.257825,11.644774,0.007496,3.646041,3.443944,0.201806,0.044042,0.012750,0.475834,2056,3440911,118578,0,2,0,2,0,0,0,0,0,0,5406,0,3510,1896,0
413,48474,17.621417,17.253897,11.451812,0.006842,5.836333,4.906319,0.929806,0.047417,0.012875,1.157792,2126,3420571,118711,0,2,0,2,0,0,0,0,0,0,5406,0,3510,1896,0
414,48475,16.033250,15.672112,11.220081,0.006833,4.483248,3.987860,0.494931,0.046792,0.014291,0.646792,2039,3372217,114072,0,2,0,2,0,0,0,0,0,0,7208,0,4680,2528,0
415,48476,16.994167,16.635116,11.834456,0.006870,4.829832,4.218111,0.611347,0.045583,0.043792,0.782666,2075,3440800,119606,0,2,0,2,0,0,0,0,0,0,5406,0,3510,1896,0
416,48477,16.429291,16.059056,11.339519,0.007962,4.722000,4.163277,0.558556,0.050667,0.013500,0.467208,2076,3375191,116108,0,2,0,2,0,0,0,0,0,0,5406,0,3510,1896,0
417,48478,16.812042,16.458355,11.307933,0.007671,5.173085,4.450027,0.722723,0.041500,0.044542,0.778958,2063,3403317,115279,0,2,0,2,0,0,0,0,0,0,7208,0,4680,2528,0
418,48479,16.715875,16.356558,11.370159,0.007336,4.978293,4.334361,0.643639,0.041000,0.012542,1.125792,2083,3442734,119499,0,2,0,2,0,0,0,0,0,0,5406,0,3510,1896,0
419,48480,16.843750,16.480722,11.224242,0.006793,5.285792,4.539444,0.746056,0.050708,0.014584,0.624667,2095,3376599,116351,0,2,0,2,0,0,0,0,0,0,5406,0,3510,1896,0
420,48481,16.478208,16.124818,11.096313,0.007428,5.055917,4.386235,0.669390,0.047459,0.048541,1.210000,2043,3383934,114210,0,2,0,2,0,0,0,0,0,0,7208,0,4680,2528,0
421,48482,16.812167,16.453794,11.696759,0.007504,4.754000,4.185028,0.568597,0.053042,0.015666,0.473625,2074,3460470,121167,0,2,0,2,0,0,0,0,0,0,5406,0,3510,1896,0
422,48483,16.659750,16.303332,11.207405,0.007667,5.116041,4.426777,0.688889,0.048250,0.013250,0.781416,2085,3361651,116555,0,2,0,2,0,0,0,0,0,0,5406,0,3510,1896,0
423,48484,16.596125,16.243682,11.160821,0.007166,5.114501,4.422694,0.691348,0.047167,0.012833,0.662375,2041,3390803,115816,0,2,0,2,0,0,0,0,0,0,7208,0,4680,2528,0
424,48485,16.775458,16.420261,11.212566,0.007079,5.223208,4.497486,0.725222,0.045125,0.080917,0.776624,2061,3407817,118116,0,2,0,2,0,0,0,0,0,0,5406,0,3510,1896,0
425,48486,16.164084,15.786987,12.571435,0.007876,3.121459,3.096111,0.025014,0.050958,0.015292,0.337792,2114,3394861,117884,0,2,0,2,0,0,0,0,0,0,5406,0,3510,1896,0
426,48487,17.315291,16.950555,11.422856,0.006798,5.548667,4.715694,0.832473,0.056917,0.048750,0.900917,2031,3374454,114749,0,2,0,2,0,0,0,0,0,0,7208,0,4680,2528,0
427,48488,16.447834,16.082652,11.780595,0.007249,4.282875,3.859444,0.423056,0.051166,0.015042,0.781625,2093,3436738,119999,0,2,0,2,0,0,0,0,0,0,5406,0,3510,1896,0
428,48489,16.777875,16.407073,11.717835,0.006544,4.695707,4.145194,0.550181,0.048833,0.013708,0.471333,2111,3382228,117069,0,2,0,2,0,0,0,0,0,0,5406,0,3510,1896,0
429,48490,16.539791,16.188122,11.020454,0.007082,5.195916,4.479527,0.716098,0.046000,0.012625,1.112876,2049,3381824,113466,0,2,0,2,0,0,0,0,0,0,7208,0,4680,2528,0
430,48491,16.852667,16.492143,11.602300,0.007086,4.904625,4.285986,0.618347,0.049958,0.014084,0.607583,2104,3476577,121580,0,2,0,2,0,0,0,0,0,0,5406,0,3510,1896,0
431,48492,16.686417,16.318293,11.547299,0.007828,4.805250,4.219069,0.585681,0.049458,0.030417,0.747792,2097,3361609,116582,0,2,0,2,0,0,0,0,0,0,5406,0,3510,1896,0
432,48493,16.484750,16.123727,11.274247,0.007579,4.867084,4.259319,0.607223,0.039416,0.012042,0.448292,2050,3384879,114783,0,2,0,2,0,0,0,0,0,0,7208,0,4680,2528,0
433,48494,16.565166,16.177912,12.661564,0.007249,3.517208,3.360319,0.156472,0.055167,0.014292,0.583999,2173,3582076,125540,0,2,0,2,0,0,0,0,0,0,5406,0,3510,1896,0
434,48495,16.608167,16.150137,12.461533,0.007620,3.594541,3.411569,0.182639,0.062833,0.021584,1.060459,2198,3487474,121249,0,2,0,2,0,0,0,0,0,0,7447,0,3510,3937,0
435,48496,16.838375,16.463236,13.258927,0.006802,2.887292,2.886527,0.000223,0.081667,0.016375,0.291500,2110,3510261,120721,0,2,0,2,0,0,0,0,0,0,7208,0,4680,2528,0
436,48497,16.717125,16.354525,11.765335,0.007131,4.618667,4.094028,0.524181,0.045667,0.012041,0.588917,2121,3490065,121129,0,2,0,2,0,0,0,0,0,0,5406,0,3510,1896,0
437,48498,16.752792,16.377485,12.185484,0.007090,4.222417,3.830444,0.391556,0.050041,0.013250,0.446375,2159,3511970,122459,0,2,0,2,0,0,0,0,0,0,5406,0,3510,1896,0
438,48499,16.744291,16.374797,11.895791,0.007575,4.496416,4.011527,0.484598,0.050459,0.013625,0.583375,2146,3527258,121071,0,2,0,2,0,0,0,0,0,0,7208,0,4680,2528,0
439,48500,16.596834,16.230132,11.764955,0.007585,4.497750,4.014069,0.483264,0.047666,0.012084,0.291750,2118,3471676,120643,0,2,0,2,0,0,0,0,0,0,5406,0,3510,1896,0
440,48501,16.844083,16.467054,11.836543,0.008038,4.662958,4.124152,0.538306,0.076708,0.022584,0.579625,2111,3469633,120607,0,2,0,2,0,0,0,0,0,0,5406,0,3510,1896,0
441,48502,16.557542,16.196515,11.865889,0.007455,4.361168,3.897652,0.463306,0.048541,0.014542,0.586000,2145,3547676,121813,0,2,0,2,0,0,0,0,0,0,7208,0,4680,2528,0
442,48503,16.796916,16.427106,11.685190,0.007168,4.775333,4.192694,0.582222,0.047125,0.049667,0.291500,2132,3465810,120693,0,2,0,2,0,0,0,0,0,0,5406,0,3510,1896,0
443,48504,16.639209,16.276744,11.458821,0.007419,4.819333,4.226569,0.592431,0.047500,0.013583,0.941916,2103,3461067,119421,0,2,0,2,0,0,0,0,0,0,7004,0,4536,2468,0
444,48505,16.541375,16.176138,11.855208,0.006699,4.323292,3.890902,0.432056,0.046208,0.019833,0.671209,2125,3514348,121429,0,2,0,2,0,0,0,0,0,0,5610,0,3654,1956,0
445,48506,16.881250,16.508138,11.771550,0.007129,4.756918,4.184361,0.572181,0.052166,0.015417,0.965917,2156,3490691,121659,0,2,0,2,0,0,0,0,0,0,5406,0,3510,1896,0
446,48507,15.999166,15.635671,11.626528,0.006538,4.226958,4.226277,0.000306,0.049750,0.014125,0.613417,2086,3445423,117964,0,2,0,2,0,0,0,0,0,0,7208,0,4680,2528,0
447,48508,17.444959,17.070409,12.005806,0.006874,5.081208,4.402027,0.678848,0.052666,0.014709,0.675458,2156,3502172,122517,0,2,0,2,0,0,0,0,0,0,5406,0,3510,1896,0
448,48509,16.500625,16.133233,11.748089,0.008205,4.416208,3.957403,0.458472,0.052125,0.013083,0.290167,2104,3454419,120113,0,2,0,2,0,0,0,0,0,0,5406,0,3510,1896,0
449,48510,16.741916,16.402270,11.036776,0.006963,5.389251,4.608402,0.780473,0.045959,0.011583,0.685750,1967,3274677,109790,0,2,0,2,0,0,0,0,0,0,7208,0,4680,2528,0
450,48511,16.853292,16.507981,11.480869,0.007455,5.055708,4.383152,0.672265,0.049667,0.014125,0.923207,2019,3360780,117630,0,2,0,2,0,0,0,0,0,0,5406,0,3510,1896,0
451,48512,16.485750,16.136117,11.723136,0.007290,4.431167,3.970403,0.460514,0.047417,0.020208,0.612959,2000,3259870,113438,0,2,0,2,0,0,0,0,0,0,5406,0,3510,1896,0
452,48513,16.734833,16.398694,10.805183,0.007168,5.614042,4.871486,0.742139,0.046292,0.012667,1.226167,1951,3253257,110448,0,2,0,2,0,0,0,0,0,0,7208,0,4680,2528,0
453,48514,16.513500,16.164863,11.334038,0.007036,4.848666,4.551652,0.296806,0.052459,0.014333,0.618917,2036,3339562,116692,0,2,0,2,0,0,0,0,0,0,5406,0,3510,1896,0
454,48515,16.519000,16.174733,10.919293,0.007086,5.287167,5.022486,0.264306,0.040917,0.013000,0.743125,1996,3260229,113200,0,2,0,2,0,0,0,0,0,0,5406,0,3510,1896,0
455,48516,17.226334,16.882289,11.305042,0.007212,5.601960,4.750986,0.850639,0.047666,0.020792,0.447250,1962,3265885,111448,0,2,0,2,0,0,0,0,0,0,7208,0,4680,2528,0
456,48517,16.331416,15.974183,11.564835,0.007422,4.434542,3.971652,0.462473,0.049000,0.043292,0.701166,2008,3314810,115230,0,2,0,2,0,0,0,0,0,0,5406,0,3510,1896,0
457,48518,17.128459,16.766656,11.512535,0.007965,5.257125,4.520319,0.736556,0.054416,0.014625,1.220625,2055,3288414,114332,0,2,0,2,0,0,0,0,0,0,5406,0,3510,1896,0
458,48519,16.480791,16.143662,10.853949,0.007457,5.149168,4.447819,0.700973,0.047084,0.047208,0.630000,1954,3213127,109247,0,2,0,2,0,0,0,0,0,0,7208,0,4680,2528,0
459,48520,16.093042,15.736066,12.555850,0.006411,3.167041,3.126735,0.039890,0.050083,0.022209,1.276249,2014,3930463,136397,0,2,0,2,0,0,0,0,0,0,5406,0,3510,1896,0
460,48521,17.357000,17.001980,11.158974,0.007712,5.860749,4.961069,0.899264,0.056625,0.024958,0.613042,2019,3230847,112084,0,2,0,2,0,0,0,0,0,0,5406,0,3510,1896,0
461,48522,15.873833,15.515447,11.842946,0.007964,4.040834,4.040569,0.000098,0.044792,0.012792,0.906500,1996,3273321,111265,0,2,0,2,0,0,0,0,0,0,7208,0,4680,2528,0
462,48523,16.832125,16.475533,12.100274,0.007789,4.905958,4.905444,0.000140,0.062459,0.016125,0.670209,2000,3310249,115507,0,2,0,2,0,0,0,0,0,0,5406,0,3510,1896,0
463,48524,17.556667,17.205876,10.932130,0.008430,6.292333,5.210569,1.081389,0.057417,0.026708,0.979959,1982,3193678,110177,0,2,0,2,0,0,0,0,0,0,5406,0,3510,1896,0
464,48525,16.098417,15.754697,10.973999,0.007701,4.783375,4.204236,0.578764,0.047333,0.012500,0.449916,1951,3229925,109965,0,2,0,2,0,0,0,0,0,0,7208,0,4680,2528,0
465,48526,20.348125,20.007337,11.343454,0.007963,5.762292,4.854110,0.907890,0.054125,0.013666,0.896375,1956,3248716,112391,0,2,0,2,0,0,0,0,0,0,5406,0,3510,1896,0
466,48527,12.848041,12.502690,12.252621,0.008085,0.472710,0.472278,0.000139,0.056334,0.024000,0.862500,1935,3270301,112560,0,2,0,2,0,0,0,0,0,0,5406,0,3510,1896,0
467,48528,17.630500,17.325963,9.625999,0.008578,7.716208,6.145861,1.570056,0.043459,0.040791,0.495334,1727,2959221,98500,0,2,0,2,0,0,0,0,0,0,7471,0,4680,2791,0
468,48529,16.021125,15.670232,11.402159,0.007136,4.252915,3.841152,0.411306,0.051417,0.017208,0.807375,1920,3317999,112298,0,2,0,2,0,0,0,0,0,0,5406,0,3510,1896,0
469,48530,17.635459,17.315529,10.311323,0.008175,7.009667,5.689444,1.319806,0.047208,0.018875,0.448334,1805,2943533,99265,0,2,0,2,0,0,0,0,0,0,5406,0,3510,1896,0
470,48531,15.995166,15.680356,10.299824,0.007831,5.383709,4.605069,0.778348,0.046334,0.013333,0.643874,1786,2967350,97883,0,2,0,2,0,0,0,0,0,0,7208,0,4680,2528,0
471,48532,17.292167,16.964581,10.379607,0.011168,6.614000,5.411152,1.202598,0.058792,0.017166,0.896417,1866,3052316,102510,0,2,0,2,0,0,0,0,0,0,5406,0,3510,1896,0
472,48533,15.990042,15.652122,10.884666,0.008210,4.714666,4.151236,0.563139,0.053583,0.014792,0.446583,1871,3020207,101412,0,2,0,2,0,0,0,0,0,0,5406,0,3510,1896,0
473,48534,17.221833,16.900642,10.293150,0.007126,6.605124,5.411402,1.193264,0.050125,0.013167,0.702207,1799,2991013,97916,0,2,0,2,0,0,0,0,0,0,7208,0,4680,2528,0
474,48535,16.447792,16.111326,10.598483,0.007247,5.522040,4.697610,0.823931,0.047708,0.013958,0.353834,1887,3057159,102550,0,2,0,2,0,0,0,0,0,0,5406,0,3510,1896,0
475,48536,15.738208,15.412197,10.370416,0.007831,5.029208,4.974736,0.054097,0.043125,0.028458,0.692418,1823,2998931,100230,0,2,0,2,0,0,0,0,0,0,5406,0,3510,1896,0
476,48537,18.082125,17.760983,10.112660,0.007923,7.638584,6.107986,1.530306,0.040958,0.013250,0.349041,1843,3040380,100331,0,2,0,2,0,0,0,0,0,0,7208,0,4680,2528,0
477,48538,16.237750,15.914778,10.039265,0.008214,5.902834,4.948569,0.953848,0.041917,0.011833,0.586666,1874,3034058,102087,0,2,0,2,0,0,0,0,0,0,5406,0,3510,1896,0
478,48539,16.959500,16.642616,10.013659,0.007665,6.633749,5.437819,1.195597,0.042917,0.018416,0.316041,1828,2966683,99578,0,2,0,2,0,0,0,0,0,0,5406,0,3510,1896,0
479,48540,16.401583,16.091950,9.909092,0.016580,6.212124,5.152902,1.059014,0.036417,0.014333,0.768375,1762,2959576,97084,0,2,0,2,0,0,0,0,0,0,7208,0,4680,2528,0
480,48541,16.728750,16.401851,10.230648,0.008169,6.194833,5.142944,1.051598,0.034709,0.019333,0.930792,1886,3056117,103152,0,2,0,2,0,0,0,0,0,0,5406,0,3510,1896,0
481,48542,16.822709,16.503058,9.835468,0.007839,6.691500,5.474236,1.217014,0.035291,0.017875,0.482541,1861,2979719,100082,0,2,0,2,0,0,0,0,0,0,5406,0,3510,1896,0
482,48543,16.368666,16.057664,9.808675,0.008210,6.258584,5.187777,1.070223,0.033917,0.044917,1.166500,1788,2975529,97656,0,2,0,2,0,0,0,0,0,0,7208,0,4680,2528,0
483,48544,16.457834,16.135553,10.117641,0.007794,6.025708,5.367444,0.658015,0.043250,0.012166,0.615833,1866,3049547,102386,0,2,0,2,0,0,0,0,0,0,5406,0,3510,1896,0
484,48545,17.292125,16.960985,10.232596,0.007755,6.752125,5.517486,1.234347,0.039916,0.027042,0.917084,1900,3007241,101349,0,2,0,2,0,0,0,0,0,0,5406,0,3510,1896,0
485,48546,16.500583,16.181973,9.621749,0.007665,6.583208,5.385944,1.196973,0.031458,0.009042,0.610916,1798,2965568,97799,0,2,0,2,0,0,0,0,0,0,7208,0,4680,2528,0
486,48547,16.792208,16.471263,9.961187,0.007209,6.528543,5.368110,1.160181,0.041417,0.028375,1.217959,1872,3026362,102017,0,2,0,2,0,0,0,0,0,0,5406,0,3510,1896,0
487,48548,16.570375,16.246303,9.869224,0.007921,6.385458,5.272736,1.112514,0.035375,0.012084,0.611292,1866,2963732,99470,0,2,0,2,0,0,0,0,0,0,5406,0,3510,1896,0
488,48549,16.821375,16.497852,10.009284,0.007376,6.511000,5.356736,1.154056,0.033792,0.028083,1.243083,1858,3033457,100627,0,2,0,2,0,0,0,0,0,0,7208,0,4680,2528,0
489,48550,16.689625,16.359266,9.875674,0.007747,6.502208,5.351110,1.150765,0.043459,0.048000,1.087500,1838,2970961,100159,0,2,0,2,0,0,0,0,0,0,5406,0,3510,1896,0
490,48551,16.665834,16.337480,9.969569,0.007376,6.355125,5.252611,1.102181,0.040375,0.013333,0.619000,1872,2945330,99289,0,2,0,2,0,0,0,0,0,0,5406,0,3510,1896,0
491,48552,16.713625,16.403415,9.781072,0.008134,6.643917,5.444236,1.199473,0.043666,0.017750,0.985541,1800,2994762,98819,0,2,0,2,0,0,0,0,0,0,7208,0,4680,2528,0
492,48553,16.617083,16.292396,9.879068,0.007506,6.447458,5.312444,1.134848,0.041500,0.011583,0.614041,1837,2971945,100298,0,2,0,2,0,0,0,0,0,0,5406,0,3510,1896,0
493,48554,16.765833,16.442241,9.650652,0.008041,6.808209,5.554861,1.253056,0.035709,0.021125,1.256167,1859,2940258,99104,0,2,0,2,0,0,0,0,0,0,5406,0,3510,1896,0
494,48555,17.392584,17.064047,10.602697,0.007079,6.409250,5.270736,1.138264,0.061458,0.024833,0.912209,1840,3014344,100018,0,2,0,2,0,0,0,0,0,0,7208,0,4680,2528,0
495,48556,14.909916,14.604532,10.570637,0.008074,4.426501,4.423694,0.002556,0.043042,0.040917,0.655584,1790,2940512,98651,0,2,0,2,0,0,0,0,0,0,5406,0,3510,1896,0
496,48557,16.620417,16.290911,10.338795,0.008327,6.191876,6.191403,0.000181,0.049792,0.016666,0.915833,1843,2947252,98170,0,2,0,2,0,0,0,0,0,0,7004,0,4536,2468,0
497,48558,16.651375,16.325138,10.394426,0.007203,6.362084,6.357444,0.004348,0.037583,0.014000,0.447333,1819,2980287,100357,0,2,0,2,0,0,0,0,0,0,5610,0,3654,1956,0
498,48559,16.669542,16.342650,10.162470,0.006997,6.605709,6.601819,0.003598,0.039500,0.015333,0.903666,1806,2916425,98450,0,2,0,2,0,0,0,0,0,0,5406,0,3510,1896,0
499,48560,16.539750,16.234443,10.181328,0.008084,6.467209,6.461528,0.005431,0.037000,0.012875,0.629458,1788,2905871,95848,0,2,0,2,0,0,0,0,0,0,7208,0,4680,2528,0
500,48561,16.774000,16.452471,10.153642,0.008078,6.677750,6.658611,0.018848,0.034583,0.026958,0.956334,1854,2971565,101261,0,2,0,2,0,0,0,0,0,0,5406,0,3510,1896,0
501,48562,18.594500,18.290962,9.361848,0.008250,8.948043,6.978319,1.969431,0.035875,0.037916,0.608958,1760,2855458,96801,0,2,0,2,0,0,0,0,0,0,5406,0,3510,1896,0
502,48563,14.725500,14.417635,10.002746,0.008447,4.854834,4.854236,0.000139,0.042625,0.021541,1.262417,1783,2868063,95484,0,2,0,2,0,0,0,0,0,0,7208,0,4680,2528,0
503,48564,18.535625,18.228731,9.479785,0.007951,8.772167,6.864027,1.907889,0.032416,0.017500,1.219291,1776,2907713,98736,0,2,0,2,0,0,0,0,0,0,5406,0,3510,1896,0
504,48565,14.930958,14.621790,10.074286,0.007673,5.017917,5.017527,0.000098,0.044042,0.012250,0.609459,1775,2873971,97911,0,2,0,2,0,0,0,0,0,0,5406,0,3510,1896,0
505,48566,18.704750,18.400735,9.295451,0.008046,8.999208,7.015153,1.983597,0.035833,0.011250,1.220125,1777,2846426,95091,0,2,0,2,0,0,0,0,0,0,7208,0,4680,2528,0
506,48567,15.546667,15.233769,9.465741,0.007456,5.792583,4.878027,0.914014,0.037166,0.010250,0.611458,1764,2865481,97761,0,2,0,2,0,0,0,0,0,0,5406,0,3510,1896,0
507,48568,15.746541,15.439709,9.870407,0.007748,5.877960,5.877569,0.000140,0.040709,0.047291,0.717209,1720,2821031,95603,0,2,0,2,0,0,0,0,0,0,5406,0,3510,1896,0
508,48569,18.494750,18.182623,9.627132,0.008422,8.542874,6.708528,1.834097,0.044417,0.050417,0.610375,1772,2837589,94742,0,2,0,2,0,0,0,0,0,0,7208,0,4680,2528,0
509,48570,14.920125,14.603619,9.955713,0.007587,5.155541,5.155152,0.000056,0.040500,0.044875,0.936125,1773,2867584,97692,0,2,0,2,0,0,0,0,0,0,5406,0,3510,1896,0
510,48571,18.672542,18.378072,9.289930,0.008470,9.073459,7.059944,2.013098,0.033833,0.010917,1.254167,1752,2824573,96194,0,2,0,2,0,0,0,0,0,0,5406,0,3510,1896,0
511,48572,15.496083,15.199055,9.725779,0.007301,5.457291,4.652819,0.804222,0.049750,0.015625,0.615500,1722,2803882,93084,0,2,0,2,0,0,0,0,0,0,7208,0,4680,2528,0
512,48573,17.310917,16.989280,9.582998,0.007499,7.416124,5.960402,1.455431,0.038833,0.012250,1.305625,1818,2901828,99262,0,2,0,2,0,0,0,0,0,0,5406,0,3510,1896,0
513,48574,15.298750,15.001712,9.781877,0.008458,5.781960,5.781569,0.000181,0.037917,0.010958,0.625667,1727,2798481,95265,0,2,0,2,0,0,0,0,0,0,5406,0,3510,1896,0
514,48575,18.510125,18.209471,9.250580,0.008163,8.972251,6.995403,1.976556,0.043333,0.048417,1.054125,1741,2805213,93443,0,2,0,2,0,0,0,0,0,0,7208,0,4680,2528,0
515,48576,15.748708,15.437929,9.800463,0.007832,5.629417,4.769277,0.859681,0.049334,0.014500,0.292833,1751,2864249,97699,0,2,0,2,0,0,0,0,0,0,5406,0,3510,1896,0
516,48577,17.247584,16.919765,9.532449,0.008047,7.411875,5.953485,1.457931,0.041250,0.025333,0.812417,1761,2823089,96399,0,2,0,2,0,0,0,0,0,0,5406,0,3510,1896,0
517,48578,16.368958,16.062507,9.495476,0.008127,6.561960,5.390361,1.171181,0.048333,0.012625,0.611125,1736,2796063,93393,0,2,0,2,0,0,0,0,0,0,7208,0,4680,2528,0
518,48579,16.969167,16.645934,9.867938,0.008875,6.793167,5.534486,1.258181,0.035916,0.014334,0.981250,1780,2850149,97377,0,2,0,2,0,0,0,0,0,0,5406,0,3510,1896,0
519,48580,16.480583,16.188410,9.228724,0.008423,6.972918,5.664110,1.308515,0.032625,0.014292,1.307001,1723,2803285,95254,0,2,0,2,0,0,0,0,0,0,5406,0,3510,1896,0
520,48581,15.418250,15.124380,9.995754,0.007878,5.812625,5.811944,0.000389,0.046125,0.049042,0.657791,1704,2800257,93668,0,2,0,2,0,0,0,0,0,0,7208,0,4680,2528,0
521,48582,18.726542,18.418974,9.727876,0.008042,8.679875,6.796944,1.882514,0.041375,0.012500,1.256834,1773,2847341,97307,0,2,0,2,0,0,0,0,0,0,5406,0,3510,1896,0
522,48583,15.634000,15.322878,9.159864,0.008253,6.196041,5.146527,1.049181,0.037916,0.009167,0.609292,1735,2798914,95494,0,2,0,2,0,0,0,0,0,0,5406,0,3510,1896,0
523,48584,17.115375,16.828003,9.078257,0.008671,7.768709,6.189986,1.578431,0.032416,0.013417,0.953791,1671,2788666,92659,0,2,0,2,0,0,0,0,0,0,7208,0,4680,2528,0
524,48585,16.461958,16.148811,9.559439,0.008042,6.606916,5.421027,1.185473,0.033083,0.022584,0.651667,1810,2881838,98732,0,2,0,2,0,0,0,0,0,0,5406,0,3510,1896,0
525,48586,16.214417,15.931716,9.659177,0.008126,6.005208,6.004694,0.000223,0.061458,0.022333,0.964542,1599,2779833,90786,0,2,0,2,0,0,0,0,0,0,5863,0,3510,2353,0
526,48587,15.776000,15.417906,14.432554,0.005671,1.359250,1.348403,0.010431,0.044375,0.020083,0.709000,2034,4852775,162610,0,2,0,2,0,0,0,0,0,0,7208,0,4680,2528,0
527,48588,17.916875,17.563742,11.051397,0.007969,6.528543,5.366486,1.161806,0.047208,0.026500,0.968959,1982,3260441,112001,0,2,0,2,0,0,0,0,0,0,5406,0,3510,1896,0
528,48589,16.005750,15.637891,11.224505,0.008206,4.417542,3.956985,0.460140,0.045458,0.013333,1.222459,2053,3245169,112131,0,2,0,2,0,0,0,0,0,0,5406,0,3510,1896,0
529,48590,16.932166,16.591685,10.760898,0.007495,5.830834,4.903236,0.927222,0.046667,0.012958,0.526750,1914,3183974,107828,0,2,0,2,0,0,0,0,0,0,7208,0,4680,2528,0
530,48591,16.477917,16.120537,11.223565,0.007426,4.867000,4.258361,0.608264,0.038250,0.011583,0.745876,2026,3266527,113069,0,2,0,2,0,0,0,0,0,0,5406,0,3510,1896,0
531,48592,16.249292,15.904057,10.705120,0.007832,5.184458,5.183944,0.000098,0.050708,0.012833,0.304208,1981,3192558,109761,0,2,0,2,0,0,0,0,0,0,5406,0,3510,1896,0
532,48593,17.608416,17.267377,10.802452,0.007701,6.483250,5.336653,1.146264,0.042084,0.022541,1.005124,1944,3230289,109770,0,2,0,2,0,0,0,0,0,0,7208,0,4680,2528,0
533,48594,16.437084,16.081999,10.636702,0.008582,5.474833,4.652986,0.821514,0.038916,0.016042,0.652750,2003,3249657,112258,0,2,0,2,0,0,0,0,0,0,5406,0,3510,1896,0
534,48595,16.742500,16.392209,10.657244,0.012377,5.762082,4.853985,0.907806,0.038958,0.019833,0.932125,2039,3228303,111380,0,2,0,2,0,0,0,0,0,0,5406,0,3510,1896,0
535,48596,15.509583,15.180043,10.557221,0.008086,4.989999,4.989569,0.000139,0.031917,0.014625,0.619667,1915,3198365,107656,0,2,0,2,0,0,0,0,0,0,7208,0,4680,2528,0
536,48597,18.338375,17.989075,10.665587,0.006677,7.345210,5.909944,1.435056,0.039667,0.011958,0.922292,2025,3291534,114290,0,2,0,2,0,0,0,0,0,0,5406,0,3510,1896,0
537,48598,15.862833,15.513965,10.517641,0.007454,4.996667,4.346485,0.649890,0.037750,0.011500,0.750333,2015,3200342,110193,0,2,0,2,0,0,0,0,0,0,5406,0,3510,1896,0
538,48599,17.139625,16.809106,10.374078,0.007373,6.451790,5.313194,1.138222,0.038417,0.024792,0.478417,1927,3198703,108436,0,2,0,2,0,0,0,0,0,0,7208,0,4680,2528,0
539,48600,16.501500,16.149679,10.704739,0.007958,5.470875,4.659861,0.810889,0.047084,0.017250,0.958667,2001,3262075,112476,0,2,0,2,0,0,0,0,0,0,5406,0,3510,1896,0
540,48601,16.631375,16.260357,12.114016,0.008542,4.176085,3.702444,0.473223,0.055292,0.013625,0.303125,2029,3214260,110902,0,2,0,2,0,0,0,0,0,0,5406,0,3510,1896,0
541,48602,16.539709,16.180487,11.748377,0.008163,4.414959,3.975361,0.439306,0.057083,0.021000,0.585166,1957,3247898,110136,0,2,0,2,0,0,0,0,0,0,9249,0,4680,4569,0
542,48603,17.108666,16.766800,10.358291,0.007126,6.435249,5.305527,1.129389,0.033584,0.010250,1.231792,2007,3218845,111258,0,2,0,2,0,0,0,0,0,0,5406,0,3510,1896,0
543,48604,16.394417,16.013229,11.165769,0.008173,4.881709,4.265360,0.616015,0.038875,0.012167,0.468208,1983,3169200,109041,0,2,0,2,0,0,0,0,0,0,5406,0,3510,1896,0
544,48605,16.334125,15.951722,11.676398,0.008118,4.310250,3.888986,0.420972,0.034833,0.011375,1.063501,1999,3266740,111081,0,2,0,2,0,0,0,0,0,0,7208,0,4680,2528,0
545,48606,17.179750,16.807086,11.088534,0.008123,5.749542,4.849194,0.900056,0.034292,0.011125,0.624458,1946,3165067,109109,0,2,0,2,0,0,0,0,0,0,5406,0,3510,1896,0
546,48607,15.855500,15.446856,12.530853,0.007420,2.980625,2.980235,0.000181,0.036833,0.018167,0.785583,2189,3450789,119837,0,2,0,2,0,0,0,0,0,0,5406,0,3510,1896,0
547,48608,17.150208,16.763101,11.898353,0.006674,4.898083,4.280778,0.617097,0.035209,0.015375,0.606208,2109,3483108,118887,0,2,0,2,0,0,0,0,0,0,7208,0,4680,2528,0
548,48609,16.492334,16.092001,11.893174,0.007415,4.241584,3.838611,0.402723,0.036291,0.010417,0.905166,2155,3478465,120570,0,2,0,2,0,0,0,0,0,0,5406,0,3510,1896,0
549,48610,16.716916,16.323734,11.772787,0.007330,4.586542,4.071277,0.515015,0.029084,0.009916,0.445500,2113,3444571,118243,0,2,0,2,0,0,0,0,0,0,7004,0,4536,2468,0
550,48611,16.597084,16.180741,11.942949,0.007087,4.262916,3.855361,0.407306,0.034833,0.010792,0.917584,2153,3498169,120999,0,2,0,2,0,0,0,0,0,0,5610,0,3654,1956,0
551,48612,16.769000,16.374794,11.849504,0.007095,4.559873,4.052902,0.506764,0.033125,0.010708,1.222000,2116,3443555,119196,0,2,0,2,0,0,0,0,0,0,5406,0,3510,1896,0
552,48613,16.633083,16.236241,11.989459,0.007074,4.268957,3.862110,0.406681,0.036208,0.012167,0.609334,2143,3484530,119229,0,2,0,2,0,0,0,0,0,0,7208,0,4680,2528,0
553,48614,16.713375,16.304015,12.068095,0.007449,4.274624,3.865236,0.409097,0.033083,0.011334,0.917542,2172,3488636,121227,0,2,0,2,0,0,0,0,0,0,5406,0,3510,1896,0
554,48615,17.608083,17.208287,12.418704,0.007385,4.763874,4.190152,0.573473,0.065375,0.013500,0.447791,2135,3444809,119486,0,2,0,2,0,0,0,0,0,0,5406,0,3510,1896,0
555,48616,15.384084,15.009215,11.907945,0.007052,3.123585,3.097444,0.025890,0.041500,0.013625,0.900791,2078,3431302,116435,0,2,0,2,0,0,0,0,0,0,7208,0,4680,2528,0
556,48617,17.368500,16.979327,11.959949,0.007038,5.053417,4.383944,0.669139,0.038375,0.012250,0.447250,2198,3531882,123188,0,2,0,2,0,0,0,0,0,0,5406,0,3510,1896,0
557,48618,16.351500,15.964119,11.650081,0.006876,4.348001,3.913819,0.433931,0.037041,0.011459,0.741291,2123,3432511,119050,0,2,0,2,0,0,0,0,0,0,5406,0,3510,1896,0
558,48619,16.825041,16.437318,12.070438,0.007453,4.399625,3.948277,0.451015,0.040917,0.012208,0.900416,2103,3463924,118427,0,2,0,2,0,0,0,0,0,0,7208,0,4680,2528,0
559,48620,16.458667,16.071744,11.624828,0.007039,4.480999,4.002986,0.477639,0.032750,0.009958,0.290292,2138,3475600,120383,0,2,0,2,0,0,0,0,0,0,5406,0,3510,1896,0
560,48621,16.900042,16.496694,11.919295,0.006914,4.615751,4.092194,0.523264,0.031958,0.010333,0.897041,2181,3484197,121033,0,2,0,2,0,0,0,0,0,0,5406,0,3510,1896,0
561,48622,16.596791,16.204522,11.577964,0.007209,4.661166,4.120110,0.540806,0.034042,0.011708,0.611583,2091,3426656,116923,0,2,0,2,0,0,0,0,0,0,7208,0,4680,2528,0
562,48623,16.246292,15.834427,12.728608,0.006918,3.720459,3.720111,0.000139,0.042083,0.011042,1.238875,2199,3519237,122448,0,2,0,2,0,0,0,0,0,0,5406,0,3510,1896,0
563,48624,16.580500,16.177032,12.308173,0.007415,4.570916,4.570569,0.000139,0.034250,0.009667,0.619625,2123,3440273,118915,0,2,0,2,0,0,0,0,0,0,5406,0,3510,1896,0
564,48625,17.384125,16.927037,12.420670,0.007757,4.544083,4.042360,0.501306,0.056917,0.013625,0.906833,2141,3475567,118700,0,2,0,2,0,0,0,0,0,0,7208,0,4680,2528,0
565,48626,16.473750,16.072812,12.475746,0.007580,3.635500,3.436278,0.198931,0.039500,0.012792,0.621458,2179,3489556,121228,0,2,0,2,0,0,0,0,0,0,5406,0,3510,1896,0
566,48627,16.954875,16.561210,11.892486,0.007212,4.703790,4.150652,0.552889,0.043792,0.013041,0.967834,2160,3447551,119565,0,2,0,2,0,0,0,0,0,0,5406,0,3510,1896,0
567,48628,16.262583,15.880743,11.732779,0.007337,4.183083,3.801277,0.381515,0.039417,0.010167,1.225000,2100,3452669,117416,0,2,0,2,0,0,0,0,0,0,7208,0,4680,2528,0
568,48629,16.819667,16.407334,12.348955,0.007049,4.096750,3.744028,0.352514,0.035167,0.011333,0.613375,2204,3535272,123033,0,2,0,2,0,0,0,0,0,0,5406,0,3510,1896,0
569,48630,16.776583,16.373040,11.975071,0.007324,4.432959,3.971027,0.461598,0.035250,0.011000,1.256541,2188,3433603,119014,0,2,0,2,0,0,0,0,0,0,5406,0,3510,1896,0
570,48631,16.579792,16.187686,11.967802,0.007087,4.254083,3.846402,0.407306,0.034750,0.013375,0.614292,2111,3448572,117875,0,2,0,2,0,0,0,0,0,0,7208,0,4680,2528,0
571,48632,16.729083,16.329329,12.529294,0.006994,3.821084,3.560028,0.260639,0.049000,0.015959,0.918875,2142,3477309,120380,0,2,0,2,0,0,0,0,0,0,5406,0,3510,1896,0
572,48633,16.716875,16.312374,11.977412,0.007418,4.368332,3.927777,0.440306,0.033250,0.011375,0.609375,2227,3485449,121131,0,2,0,2,0,0,0,0,0,0,5406,0,3510,1896,0
573,48634,16.665334,16.284358,11.517495,0.006880,4.797875,4.214360,0.583348,0.030666,0.010584,0.653625,2090,3420644,116605,0,2,0,2,0,0,0,0,0,0,7208,0,4680,2528,0
574,48635,16.883125,16.479856,12.451571,0.006954,4.066542,3.724361,0.341847,0.043541,0.013125,0.936875,2183,3506097,121929,0,2,0,2,0,0,0,0,0,0,5406,0,3510,1896,0
575,48636,16.520750,16.116786,12.072214,0.007789,4.081335,3.734402,0.346598,0.042208,0.011708,0.610750,2158,3428431,118562,0,2,0,2,0,0,0,0,0,0,5406,0,3510,1896,0
576,48637,16.529958,16.137320,12.223071,0.006740,3.945125,3.645360,0.299348,0.042958,0.013542,1.165541,2132,3471974,118684,0,2,0,2,0,0,0,0,0,0,7208,0,4680,2528,0
577,48638,16.598542,16.204985,11.926176,0.007635,4.313375,3.887903,0.425139,0.044250,0.013916,0.609833,2127,3486596,122472,0,2,0,2,0,0,0,0,0,0,5565,0,3510,2055,0
578,48639,16.689333,16.284943,14.064459,0.007295,3.036333,3.035694,0.000139,0.047708,0.013292,1.116292,2187,3765421,130212,0,2,0,2,0,0,0,0,0,0,5406,0,3510,1896,0
579,48640,17.177250,16.793421,11.909106,0.007211,4.906082,4.281152,0.624598,0.044917,0.011375,0.611958,2120,3477685,118819,0,2,0,2,0,0,0,0,0,0,7208,0,4680,2528,0
580,48641,16.090083,15.694424,12.977946,0.007245,2.816167,2.796819,0.018806,0.050209,0.014333,0.752666,2196,3544806,124938,0,2,0,2,0,0,0,0,0,0,5406,0,3510,1896,0
581,48642,17.426417,17.039493,11.642736,0.010206,5.416541,4.625319,0.790931,0.045542,0.012500,0.885667,2172,3446658,120531,0,2,0,2,0,0,0,0,0,0,5406,0,3510,1896,0
582,48643,16.137875,15.764588,11.657443,0.007048,4.131875,3.771027,0.360431,0.046292,0.031208,0.460041,2130,3470624,119474,0,2,0,2,0,0,0,0,0,0,7208,0,4680,2528,0
583,48644,16.908000,16.520062,12.205114,0.007085,4.337460,3.906528,0.430472,0.052667,0.017041,0.923208,2153,3493351,121982,0,2,0,2,0,0,0,0,0,0,5406,0,3510,1896,0
584,48645,16.317875,15.914661,12.759438,0.007385,3.820459,3.819986,0.000139,0.057208,0.015584,0.490833,2215,3475665,121794,0,2,0,2,0,0,0,0,0,0,5406,0,3510,1896,0
585,48646,17.085458,16.722748,11.405420,0.007250,5.342541,4.576819,0.765348,0.042875,0.012334,1.234374,2057,3417787,118667,0,2,0,2,0,0,0,0,0,0,7208,0,4680,2528,0
586,48647,16.310209,15.929224,12.408604,0.006946,3.554125,3.382403,0.171306,0.042083,0.012042,0.610500,2156,3726324,129905,0,2,0,2,0,0,0,0,0,0,5406,0,3510,1896,0
587,48648,17.203166,16.813279,12.192389,0.007551,4.653375,4.118069,0.535014,0.042959,0.014041,0.930750,2152,3472078,121465,0,2,0,2,0,0,0,0,0,0,5406,0,3510,1896,0
588,48649,16.141792,15.750837,12.130141,0.006954,3.645585,3.445819,0.199473,0.046458,0.016792,0.625625,2136,3498659,120839,0,2,0,2,0,0,0,0,0,0,7208,0,4680,2528,0
589,48650,17.097833,16.708999,12.383942,0.006745,4.354626,3.917361,0.436806,0.048125,0.014125,0.937291,2147,3507798,123805,0,2,0,2,0,0,0,0,0,0,5406,0,3510,1896,0
590,48651,16.447834,16.037813,12.520175,0.007790,3.553957,3.381402,0.172306,0.044458,0.012333,1.239082,2205,3474623,122278,0,2,0,2,0,0,0,0,0,0,5406,0,3510,1896,0
591,48652,16.534500,16.162077,11.749787,0.007454,4.342834,4.195694,0.146890,0.070958,0.019333,0.446834,2088,3435585,117722,0,2,0,2,0,0,0,0,0,0,7208,0,4680,2528,0
592,48653,16.764666,16.371753,12.379435,0.006909,4.023500,3.957528,0.065597,0.046084,0.014666,1.080417,2197,3573986,126305,0,2,0,2,0,0,0,0,0,0,5406,0,3510,1896,0
593,48654,16.530042,16.132935,12.334091,0.011374,3.882501,3.881861,0.000098,0.048333,0.012209,0.477125,2170,3445248,120810,0,2,0,2,0,0,0,0,0,0,5406,0,3510,1896,0
594,48655,17.176708,16.775544,12.464632,0.006917,4.338375,3.905319,0.432640,0.048500,0.014000,0.931708,2155,3524237,121811,0,2,0,2,0,0,0,0,0,0,7208,0,4680,2528,0
595,48656,16.341792,15.939027,12.294251,0.007407,3.672874,3.462861,0.209847,0.049917,0.013291,0.443583,2123,3470876,121266,0,2,0,2,0,0,0,0,0,0,5406,0,3510,1896,0
596,48657,17.008042,16.609001,12.366023,0.007338,4.278002,3.867361,0.410348,0.047458,0.013333,0.608542,2168,3505730,123312,0,2,0,2,0,0,0,0,0,0,5406,0,3510,1896,0
597,48658,16.549083,16.165563,12.151723,0.007544,4.041291,3.707777,0.333223,0.048875,0.015708,0.610750,2128,3520620,121632,0,2,0,2,0,0,0,0,0,0,7208,0,4680,2528,0
598,48659,16.579125,16.183249,12.111042,0.007213,4.106707,3.753611,0.352847,0.051500,0.013583,1.258417,2127,3494396,122117,0,2,0,2,0,0,0,0,0,0,5406,0,3510,1896,0
599,48660,16.633292,16.234532,12.438415,0.007085,3.828000,3.566819,0.260806,0.055833,0.014542,1.286750,2154,3498125,122208,0,2,0,2,0,0,0,0,0,0,5406,0,3510,1896,0
600,48661,16.880875,16.486163,12.346247,0.006880,4.156293,3.785610,0.370348,0.042875,0.012875,0.623375,2185,3559527,123273,0,2,0,2,0,0,0,0,0,0,7208,0,4680,2528,0
601,48662,16.716250,16.336080,11.882523,0.007582,4.481667,4.003111,0.478181,0.043791,0.016542,1.086625,2108,3455674,120879,0,2,0,2,0,0,0,0,0,0,5406,0,3510,1896,0
602,48663,16.350125,15.955223,12.496089,0.007131,3.493790,3.342319,0.151264,0.043875,0.012500,0.291750,2135,3493284,121058,0,2,0,2,0,0,0,0,0,0,7004,0,4536,2468,0
603,48664,16.961166,16.566817,12.032246,0.006701,4.570500,4.059194,0.511015,0.039792,0.013250,0.906125,2160,3536725,123280,0,2,0,2,0,0,0,0,0,0,5610,0,3654,1956,0
604,48665,16.389834,15.976167,12.473103,0.007331,3.542583,3.375028,0.167181,0.038166,0.011875,0.610333,2180,3506238,123184,0,2,0,2,0,0,0,0,0,0,5406,0,3510,1896,0
605,48666,17.058250,16.678728,11.813038,0.007371,4.899375,4.281986,0.617056,0.042541,0.012250,0.746291,2102,3446531,118654,0,2,0,2,0,0,0,0,0,0,7208,0,4680,2528,0
606,48667,16.446833,16.042800,12.366843,0.006878,3.713709,3.490194,0.223181,0.040833,0.011959,1.263458,2165,3527825,123908,0,2,0,2,0,0,0,0,0,0,5406,0,3510,1896,0
607,48668,16.876042,16.490890,11.947048,0.007411,4.574291,4.064944,0.508972,0.048333,0.013250,0.612458,2107,3467768,121020,0,2,0,2,0,0,0,0,0,0,5406,0,3510,1896,0
608,48669,16.230458,15.834420,12.468361,0.006828,3.403707,3.285069,0.118389,0.047958,0.013542,1.261791,2149,3524251,121349,0,2,0,2,0,0,0,0,0,0,7208,0,4680,2528,0
609,48670,17.266708,16.876283,12.077253,0.007746,4.828001,4.230277,0.597473,0.044959,0.014083,0.617833,2165,3534333,124507,0,2,0,2,0,0,0,0,0,0,5406,0,3510,1896,0
610,48671,16.265542,15.868251,12.060644,0.007330,3.842251,3.577111,0.264806,0.040708,0.011542,0.946292,2155,3485743,122220,0,2,0,2,0,0,0,0,0,0,5406,0,3510,1896,0
611,48672,16.899083,16.510165,12.007901,0.006875,4.528710,4.032236,0.496181,0.048250,0.012792,0.641167,2118,3460178,118392,0,2,0,2,0,0,0,0,0,0,7208,0,4680,2528,0
612,48673,16.544625,16.138113,12.514692,0.006957,3.660666,3.453152,0.207181,0.045084,0.015916,1.221292,2179,3586139,126594,0,2,0,2,0,0,0,0,0,0,5406,0,3510,1896,0
613,48674,16.940667,16.549125,12.073060,0.007461,4.510460,4.022153,0.487972,0.038417,0.024375,1.245792,2155,3477802,121825,0,2,0,2,0,0,0,0,0,0,5406,0,3510,1896,0
614,48675,16.754208,16.343155,12.839862,0.007669,3.472334,3.326402,0.145348,0.083417,0.017375,0.611083,2143,3493909,120390,0,2,0,2,0,0,0,0,0,0,7208,0,4680,2528,0
615,48676,16.352667,15.970317,12.302623,0.007711,3.684834,3.472110,0.212348,0.050458,0.014209,0.740001,2155,3521705,123135,0,2,0,2,0,0,0,0,0,0,5406,0,3510,1896,0
616,48677,16.964292,16.576601,12.220684,0.007211,4.383417,3.938278,0.444889,0.046916,0.019042,0.445625,2217,3510895,123234,0,2,0,2,0,0,0,0,0,0,5406,0,3510,1896,0
617,48678,16.505750,16.140105,11.409498,0.007374,4.751541,4.183027,0.568139,0.048333,0.014458,0.599166,2108,3447473,118223,0,2,0,2,0,0,0,0,0,0,7208,0,4680,2528,0
618,48679,16.249625,15.874981,11.928433,0.006761,4.135834,4.123457,0.012043,0.046208,0.013750,0.609583,2182,3531512,124560,0,2,0,2,0,0,0,0,0,0,5406,0,3510,1896,0
619,48680,16.672500,16.304298,12.209423,0.007044,4.940043,4.939611,0.000181,0.045208,0.013000,0.932792,2141,3449143,120309,0,2,0,2,0,0,0,0,0,0,5406,0,3510,1896,0
620,48681,17.445125,17.078175,11.585967,0.007004,5.507250,4.687277,0.819598,0.044458,0.013667,0.610666,2141,3499857,120845,0,2,0,2,0,0,0,0,0,0,7208,0,4680,2528,0
621,48682,16.440541,16.063477,11.911532,0.007045,4.184625,3.799735,0.384515,0.045292,0.013292,1.233459,2175,3515830,123486,0,2,0,2,0,0,0,0,0,0,5406,0,3510,1896,0
622,48683,16.165250,15.772896,11.508377,0.006749,4.429250,4.428819,0.000139,0.066667,0.015750,1.244458,2185,3467140,121382,0,2,0,2,0,0,0,0,0,0,5406,0,3510,1896,0
623,48684,17.699792,17.337321,11.379112,0.007126,5.970626,4.992277,0.977848,0.060750,0.044500,0.619333,2115,3465985,118605,0,2,0,2,0,0,0,0,0,0,7208,0,4680,2528,0
624,48685,15.835375,15.457205,11.733294,0.006743,3.723541,3.498110,0.225015,0.040417,0.012916,1.236334,2206,3568480,125910,0,2,0,2,0,0,0,0,0,0,5406,0,3510,1896,0
625,48686,17.484583,17.112715,11.296814,0.007460,5.849042,4.915194,0.933431,0.046084,0.014458,0.613208,2183,3456621,121000,0,2,0,2,0,0,0,0,0,0,5406,0,3510,1896,0
626,48687,15.636209,15.266027,11.732876,0.007045,3.798876,3.798361,0.000139,0.046000,0.038041,0.920000,2139,3479837,119557,0,2,0,2,0,0,0,0,0,0,7208,0,4680,2528,0
627,48688,17.648458,17.273639,12.027870,0.006790,5.259041,4.520152,0.738556,0.039458,0.016625,0.609542,2171,3543333,124354,0,2,0,2,0,0,0,0,0,0,5406,0,3510,1896,0
628,48689,16.182250,15.790584,11.749615,0.007920,4.068957,3.728736,0.339847,0.042833,0.015500,1.172749,2218,3512150,123251,0,2,0,2,0,0,0,0,0,0,5406,0,3510,1896,0
629,48690,16.958083,16.596316,11.292372,0.007453,5.329165,4.567694,0.761181,0.041500,0.011667,1.219709,2122,3463226,118844,0,2,0,2,0,0,0,0,0,0,7208,0,4680,2528,0
630,48691,16.585292,16.207467,11.914317,0.007162,4.323166,3.897652,0.425056,0.073083,0.045500,0.611666,2202,3548314,125047,0,2,0,2,0,0,0,0,0,0,5406,0,3510,1896,0
631,48692,16.515792,16.148342,11.742255,0.006831,4.369792,3.929153,0.440222,0.044208,0.013042,1.226917,2171,3468355,121199,0,2,0,2,0,0,0,0,0,0,5406,0,3510,1896,0
632,48693,16.721250,16.334063,11.775295,0.007046,4.593625,4.076152,0.517306,0.033416,0.011000,0.611000,2139,3495652,120768,0,2,0,2,0,0,0,0,0,0,7208,0,4680,2528,0
633,48694,16.623125,16.231507,12.396945,0.007167,3.855626,3.599027,0.256140,0.042958,0.023375,0.938125,2164,3515149,123460,0,2,0,2,0,0,0,0,0,0,5406,0,3510,1896,0
634,48695,16.807833,16.399880,12.415659,0.007086,4.011374,3.690069,0.320889,0.043208,0.025042,0.616916,2203,3479769,122129,0,2,0,2,0,0,0,0,0,0,5406,0,3510,1896,0
635,48696,16.441875,16.051713,12.271391,0.007636,3.809377,3.547319,0.261473,0.054208,0.014917,0.651041,2101,3452241,118315,0,2,0,2,0,0,0,0,0,0,7208,0,4680,2528,0
636,48697,16.757333,16.363129,12.432086,0.007246,3.965458,3.656860,0.308223,0.042750,0.013250,0.469292,2178,3557858,125546,0,2,0,2,0,0,0,0,0,0,5406,0,3510,1896,0
637,48698,16.913292,16.512343,12.141778,0.007368,4.406794,3.951028,0.455431,0.049208,0.015084,1.162084,2185,3467048,121484,0,2,0,2,0,0,0,0,0,0,5406,0,3510,1896,0
638,48699,16.341667,15.948691,12.269108,0.006914,3.708459,3.488277,0.219848,0.046250,0.012500,1.268333,2112,3475378,119967,0,2,0,2,0,0,0,0,0,0,7208,0,4680,2528,0
639,48700,16.960875,16.566772,12.219207,0.006786,4.380666,3.934235,0.443306,0.045125,0.012458,0.638625,2166,3527464,123695,0,2,0,2,0,0,0,0,0,0,5406,0,3510,1896,0
640,48701,16.428250,16.028113,12.461899,0.006962,3.852500,3.851986,0.000181,0.046166,0.013834,1.121249,2235,3510455,123329,0,2,0,2,0,0,0,0,0,0,5406,0,3510,1896,0
641,48702,17.191250,16.818989,11.627910,0.007202,5.219250,4.491319,0.727723,0.041458,0.012958,0.455417,2101,3444966,118761,0,2,0,2,0,0,0,0,0,0,7208,0,4680,2528,0
642,48703,16.189833,15.782302,12.421458,0.007129,3.395833,3.278902,0.116681,0.044292,0.013708,0.931124,2212,3535649,124605,0,2,0,2,0,0,0,0,0,0,5406,0,3510,1896,0
643,48704,16.990833,16.595677,12.281129,0.007226,4.344625,3.909569,0.434681,0.041292,0.012917,0.632584,2159,3456746,120745,0,2,0,2,0,0,0,0,0,0,5406,0,3510,1896,0
644,48705,16.480459,16.085173,13.218498,0.007169,3.313541,3.307236,0.005806,0.072791,0.015334,0.685041,2135,3514658,121493,0,2,0,2,0,0,0,0,0,0,7208,0,4680,2528,0
645,48706,16.698250,16.305854,12.552033,0.007211,3.784291,3.534610,0.249431,0.049666,0.014000,0.940250,2188,3536692,124332,0,2,0,2,0,0,0,0,0,0,5406,0,3510,1896,0
646,48707,16.350625,15.973032,12.084117,0.006998,4.432002,4.431528,0.000056,0.046208,0.014167,0.458708,2195,3479901,122047,0,2,0,2,0,0,0,0,0,0,5406,0,3510,1896,0
647,48708,17.437041,17.072331,11.483740,0.007163,5.622123,4.763652,0.857889,0.042042,0.013958,1.056458,2135,3517381,121114,0,2,0,2,0,0,0,0,0,0,7208,0,4680,2528,0
648,48709,15.952959,15.577152,12.375558,0.007542,3.780499,3.765902,0.014348,0.047541,0.014417,0.362542,2212,3551718,124595,0,2,0,2,0,0,0,0,0,0,7447,0,3510,3937,0
649,48710,17.404041,17.026483,11.609149,0.006380,5.443667,4.642653,0.800681,0.046750,0.013959,0.710959,2197,3468776,121593,0,2,0,2,0,0,0,0,0,0,5406,0,3510,1896,0
650,48711,16.401750,16.023005,11.706412,0.007470,4.336750,3.890027,0.446348,0.042917,0.013417,0.293250,2170,3547931,122914,0,2,0,2,0,0,0,0,0,0,7208,0,4680,2528,0
651,48712,16.180625,15.806469,12.044054,0.007090,4.369875,4.369152,0.000223,0.048042,0.014417,1.148334,2112,3462503,120811,0,2,0,2,0,0,0,0,0,0,5406,0,3510,1896,0
652,48713,17.646792,17.269190,11.798081,0.007335,5.504917,4.682236,0.822389,0.043417,0.011958,1.304375,2191,3522737,123837,0,2,0,2,0,0,0,0,0,0,5406,0,3510,1896,0
653,48714,16.110417,15.738811,11.714278,0.007459,4.045832,3.713152,0.332389,0.045375,0.033500,0.669875,2144,3514757,121544,0,2,0,2,0,0,0,0,0,0,7208,0,4680,2528,0
654,48715,17.101833,16.734316,11.350498,0.006996,5.399499,4.615985,0.783223,0.045792,0.017541,1.106375,2136,3470107,121867,0,2,0,2,0,0,0,0,0,0,5406,0,3510,1896,0
655,48716,16.346917,15.986469,11.255933,0.007407,4.759835,4.187028,0.572514,0.041000,0.012583,0.643833,2095,3452333,118861,0,2,0,2,0,0,0,0,0,0,7004,0,4536,2468,0
656,48717,17.002125,16.631332,11.924378,0.007168,4.739416,4.170236,0.568681,0.053333,0.014708,0.606625,2187,3558131,125266,0,2,0,2,0,0,0,0,0,0,5610,0,3654,1956,0
657,48718,16.335291,15.954024,11.479068,0.007334,4.509166,4.021985,0.486890,0.036292,0.013667,0.635292,2122,3451423,120944,0,2,0,2,0,0,0,0,0,0,5406,0,3510,1896,0
658,48719,16.783875,16.414776,11.618652,0.007370,4.824791,4.230236,0.594222,0.045875,0.014625,1.270417,2118,3493385,120358,0,2,0,2,0,0,0,0,0,0,7208,0,4680,2528,0
659,48720,16.604584,16.238043,11.805612,0.007791,4.449667,3.980569,0.468681,0.040541,0.018250,0.639417,2144,3517960,123611,0,2,0,2,0,0,0,0,0,0,5406,0,3510,1896,0
660,48721,16.806125,16.431803,11.631266,0.006665,4.817751,4.225277,0.592265,0.040333,0.012375,1.143459,2178,3502491,122976,0,2,0,2,0,0,0,0,0,0,5406,0,3510,1896,0
661,48722,16.562916,16.195233,11.111956,0.007369,5.118042,4.427278,0.690431,0.037167,0.011292,1.225667,2105,3453792,118583,0,2,0,2,0,0,0,0,0,0,7208,0,4680,2528,0
662,48723,16.449417,16.041353,12.496872,0.007584,3.582584,3.400611,0.181556,0.049042,0.011166,0.613458,2184,3559792,125646,0,2,0,2,0,0,0,0,0,0,5406,0,3510,1896,0
663,48724,17.035792,16.644450,12.068407,0.007047,4.609793,4.086152,0.523265,0.043625,0.028708,1.285084,2122,3470135,121249,0,2,0,2,0,0,0,0,0,0,5406,0,3510,1896,0
664,48725,16.329291,15.922898,12.477935,0.007628,3.464666,3.323028,0.141264,0.057375,0.013792,0.640500,2145,3506458,121225,0,2,0,2,0,0,0,0,0,0,7208,0,4680,2528,0
665,48726,17.067500,16.672980,12.330063,0.006864,4.376751,3.933027,0.443514,0.038042,0.012833,1.295250,2168,3513245,123406,0,2,0,2,0,0,0,0,0,0,5406,0,3510,1896,0
666,48727,16.539042,16.160371,11.762394,0.007289,4.428583,3.966360,0.461806,0.044750,0.012000,0.645000,2150,3480617,122314,0,2,0,2,0,0,0,0,0,0,5406,0,3510,1896,0
667,48728,16.774458,16.409573,11.337642,0.006953,5.071209,4.394736,0.676181,0.046375,0.014209,0.943292,2115,3467654,118828,0,2,0,2,0,0,0,0,0,0,7208,0,4680,2528,0
668,48729,16.600625,16.223829,11.829250,0.006626,4.412708,3.939819,0.472764,0.044167,0.010375,1.246709,2193,3562070,125846,0,2,0,2,0,0,0,0,0,0,5406,0,3510,1896,0
669,48730,17.012709,16.635891,11.524565,0.007082,5.136291,4.436277,0.699556,0.048375,0.014000,0.611834,2160,3473397,121796,0,2,0,2,0,0,0,0,0,0,5406,0,3510,1896,0
670,48731,15.792250,15.426700,11.973063,0.007460,4.136083,4.135611,0.000139,0.054916,0.012375,0.913292,2113,3475533,119884,0,2,0,2,0,0,0,0,0,0,7208,0,4680,2528,0
671,48732,17.632000,17.260094,11.650149,0.007421,5.642207,4.777319,0.864556,0.039875,0.011666,0.651583,2166,3531765,123726,0,2,0,2,0,0,0,0,0,0,5406,0,3510,1896,0
672,48733,16.300416,15.925506,11.530400,0.007210,4.423750,3.964652,0.458640,0.046500,0.011292,1.290708,2224,3512701,123417,0,2,0,2,0,0,0,0,0,0,5406,0,3510,1896,0
673,48734,16.583292,16.210092,11.459136,0.006918,4.780542,4.384861,0.395347,0.043083,0.014417,0.642000,2121,3464764,119325,0,2,0,2,0,0,0,0,0,0,7208,0,4680,2528,0
674,48735,17.283417,16.901337,12.365259,0.007627,4.549958,4.047527,0.501973,0.049416,0.023084,0.925000,2199,3541881,124833,0,2,0,2,0,0,0,0,0,0,5406,0,3510,1896,0
675,48736,17.743458,17.366810,11.594384,0.007921,3.985916,3.657277,0.328390,0.058417,0.013708,1.291666,2141,3445117,120457,0,2,0,2,0,0,0,0,0,0,5406,0,3510,1896,0
676,48737,14.592125,14.167699,14.083940,0.006211,0.438792,0.438278,0.000139,0.055583,0.064917,0.660750,2270,3935845,135723,0,2,0,2,0,0,0,0,0,0,7208,0,4680,2528,0
677,48738,17.033708,16.625615,12.905267,0.007035,3.710208,3.482944,0.226848,0.059167,0.014958,1.325666,2276,3721646,131340,0,2,0,2,0,0,0,0,0,0,5406,0,3510,1896,0
678,48739,16.507875,16.095091,13.054057,0.006334,3.035833,3.035152,0.000181,0.050000,0.022917,0.694625,2331,3703290,130151,0,2,0,2,0,0,0,0,0,0,5406,0,3510,1896,0
679,48740,16.491667,16.096803,12.644828,0.007043,3.702625,3.702319,0.000097,0.047042,0.050791,0.783417,2265,3687036,126843,0,2,0,2,0,0,0,0,0,0,7208,0,4680,2528,0
